1641929297954483889 144.777837 0.000000
1641929297970888442 145.381108 0.000000
1641929297988531034 177.301778 0.000000
1641929298026406908 144.850282 0.000000
1641929298027283180 144.796922 0.000000
1641929298029084878 144.915324 0.000000
1641929298136616521 145.117553 0.000000
1641929298172066417 145.075144 0.000000
1641929298173359732 144.927357 0.000000
1641929298499801313 145.254029 0.000000
1641929298609345749 144.811299 0.000000
1641929298682456215 144.794037 0.000000
1641929298753876672 144.871261 0.000000
1641929298790250982 145.165644 0.000000
1641929298935678005 144.927186 0.000000
1641929298973558347 144.956061 0.000000
1641929299080343891 145.006745 0.000000
1641929299080591626 145.021233 0.000000
1641929299116660692 145.158270 0.000000
1641929299298320439 144.950050 0.000000
1641929299380220412 177.255541 0.000000
1641929299481629338 144.933761 0.000000
1641929299643359383 145.024980 0.000000
1641929299772993290 144.980716 0.000000
1641929299808150607 145.134866 0.000000
1641929299916261477 145.290507 0.000000
1641929299916963974 144.925553 0.000000
1641929299952650763 145.041061 0.000000
1641929300030428509 177.251333 0.000000
1641929300061862667 144.895327 0.000000
1641929300170543955 145.093719 0.000000
1641929300279423455 145.140897 0.000000
1641929300279485661 144.966330 0.000000
1641929300389272933 145.363555 0.000000
1641929300426567678 145.220316 0.000000
1641929300499555794 145.047923 0.000000
1641929300515688708 145.085303 0.000000
1641929300645358101 145.099049 0.000000
1641929300733525153 145.137841 0.000000
1641929300861629292 145.033916 0.000000
1641929300898833056 144.896339 0.000000
1641929301008966416 144.814585 0.000000
1641929301081595810 144.843550 0.000000
1641929301152558299 145.348286 0.000000
1641929301243691401 177.088798 0.000000
1641929301263873364 145.646965 0.000000
1641929301314562269 145.124137 0.000000
1641929301539495147 177.125476 0.000000
1641929301604871755 145.002969 0.000000
1641929301843530554 144.783116 0.000000
1641929301953315171 177.023917 0.000000
1641929302025830520 144.984695 0.000000
1641929302062477160 144.784769 0.000000
1641929302098010753 144.984023 0.000000
1641929302243071610 145.059484 0.000000
1641929302389545606 144.793616 0.000000
1641929302460915549 145.017446 0.000000
1641929302497478100 145.201872 0.000000
1641929302515874437 177.371749 0.000000
1641929302534367625 144.820827 0.000000
1641929302534975515 144.791292 0.000000
1641929302662949991 177.241386 0.000000
1641929302971592594 144.633074 0.000000
1641929303017849881 177.414188 0.000000
1641929303043183392 144.652843 0.000000
1641929303048072798 176.972430 0.000000
1641929303078591449 144.944168 0.000000
1641929303115067539 144.884568 0.000000
1641929303116297023 145.030570 0.000000
1641929303260851411 144.944959 0.000000
1641929303283851097 177.350438 0.000000
1641929303623545512 144.896548 0.000000
1641929303697771058 145.053572 0.000000
1641929303732922505 145.249952 0.000000
1641929303757903606 176.975776 0.000000
1641929303785863420 145.132130 0.000000
1641929303913989080 145.145696 0.000000
1641929303988022766 144.734094 0.000000
1641929304023051703 144.902291 0.000000
1641929304205303991 145.265762 0.000000
1641929304294349319 145.343417 0.000000
1641929304424977660 145.289907 0.000000
1641929304425110849 144.811349 0.000000
1641929304460233882 144.827890 0.000000
1641929304497146380 145.272584 0.000000
1641929304531937641 145.098989 0.000000
1641929304713960780 145.251335 0.000000
1641929304859441233 145.479371 0.000000
1641929304875951964 145.147781 0.000000
1641929304895855766 145.057009 0.000000
1641929304968292740 145.164692 0.000000
1641929305020952057 144.998420 0.000000
1641929305041810589 144.782134 0.000000
1641929305077742749 145.105110 0.000000
1641929305113479812 145.185400 0.000000
1641929305151081544 145.046260 0.000000
1641929305223007158 145.262795 0.000000
1641929305296211330 144.782936 0.000000
1641929305368585385 144.825987 0.000000
1641929305370049159 145.070505 0.000000
1641929305370079486 145.051940 0.000000
1641929305440384682 145.013116 0.000000
1641929305514823619 144.739374 0.000000
1641929305732725597 144.944389 0.000000
1641929305733466415 144.731018 0.000000
1641929305748223370 145.199367 0.000000
1641929305893240314 145.014820 0.000000
1641929305986243792 145.182304 0.000000
1641929306169033808 144.794277 0.000000
1641929306314228336 145.018147 0.000000
1641929306458484954 145.130987 0.000000
1641929306676997418 144.884387 0.000000
1641929306982997437 145.079452 0.000000
1641929307076908386 145.023057 0.000000
1641929307222095340 145.397548 0.000000
1641929307259306106 144.880738 0.000000
1641929307346161199 145.156707 0.000000
1641929307403804920 145.160014 0.000000
1641929307405229571 144.984094 0.000000
1641929307440056929 145.332295 0.000000
1641929307454074147 176.961780 0.000000
1641929307623014780 145.000815 0.000000
1641929307927768083 145.076357 0.000000
1641929307949606532 144.777125 0.000000
1641929307985944552 144.666527 0.000000
1641929308203354738 144.882112 0.000000
1641929308203991562 144.731369 0.000000
1641929308276430139 145.041160 0.000000
1641929308374244976 177.312527 0.000000
1641929308422705031 144.736188 0.000000
1641929308423008921 144.786152 0.000000
1641929308602669079 145.122312 0.000000
1641929308603024435 145.341723 0.000000
1641929308639931573 144.998351 0.000000
1641929309150167071 145.200209 0.000000
1641929309163476410 144.958846 0.000000
1641929309183947086 145.147801 0.000000
1641929309220573808 145.097315 0.000000
1641929309381233588 145.057953 0.000000
1641929309526427584 145.193405 0.000000
1641929309528126980 177.184477 0.000000
1641929309547212609 145.216660 0.000000
1641929309620089837 144.741448 0.000000
1641929309730768861 144.994233 0.000000
1641929309760284282 177.279105 0.000000
1641929309875489810 144.809625 0.000000
1641929310020681583 144.880539 0.000000
1641929310035322179 144.869749 0.000000
1641929310165260275 145.114827 0.000000
1641929310165675985 144.826888 0.000000
1641929310166224723 144.801791 0.000000
1641929310240132404 145.172146 0.000000
1641929310383266309 145.256845 0.000000
1641929310455728790 145.124427 0.000000
1641929310468941840 177.133913 0.000000
1641929310528319602 145.052080 0.000000
1641929310735048243 177.143269 0.000000
1641929310948155402 177.252465 0.000000
1641929311073578775 145.016924 0.000000
1641929311110172035 144.976618 0.000000
1641929311112043323 144.828231 0.000000
1641929311214181295 177.274035 0.000000
1641929311364303991 145.304513 0.000000
1641929311546073925 145.067880 0.000000
1641929311548740484 144.766405 0.000000
1641929311618426529 145.141377 0.000000
1641929311658132153 177.276139 0.000000
1641929311728102874 144.973774 0.000000
1641929311983855958 144.939449 0.000000
1641929312054231487 144.921935 0.000000
1641929312163546594 144.757288 0.000000
1641929312164053104 144.776976 0.000000
1641929312271961754 145.071237 0.000000
1641929312273156343 145.046029 0.000000
1641929312368815349 177.563608 0.000000
1641929312381733346 145.082277 0.000000
1641929312635698509 144.839532 0.000000
1641929312744841763 145.083248 0.000000
1641929312782488116 145.141998 0.000000
1641929312890014009 144.832669 0.000000
1641929312890331214 144.836246 0.000000
1641929312999803825 145.083369 0.000000
1641929313071219524 144.815378 0.000000
1641929313071385915 145.192595 0.000000
1641929313161326092 145.172276 0.000000
1641929313180220321 145.240715 0.000000
1641929313217646552 144.976409 0.000000
1641929313289079674 145.070475 0.000000
1641929313652679413 144.875690 0.000000
1641929313727394737 144.597619 0.000000
1641929313727711401 145.033747 0.000000
1641929313798961779 144.740897 0.000000
1641929313799965530 145.071015 0.000000
1641929313945372245 145.173678 0.000000
1641929313966127364 177.182362 0.000000
1641929314163431168 144.691214 0.000000
1641929314179242820 145.129065 0.000000
1641929314283922987 177.173006 0.000000
1641929314309275614 144.739384 0.000000
1641929314343266645 145.327827 0.000000
1641929314454222908 144.699650 0.000000
1641929314524563991 145.082206 0.000000
1641929314599388852 144.618557 0.000000
1641929314671268280 144.716323 0.000000
1641929314853254188 177.328287 0.000000
1641929315034990018 144.801822 0.000000
1641929315035475989 144.949829 0.000000
1641929315035496858 144.740567 0.000000
1641929315050880607 144.887122 0.000000
1641929315106394856 145.086244 0.000000
1641929315180043821 145.254048 0.000000
1641929315268727752 145.051050 0.000000
1641929315397439500 145.395374 0.000000
1641929315542673451 145.231888 0.000000
1641929315835885258 144.837778 0.000000
1641929315981284409 144.711201 0.000000
1641929316124058379 144.987168 0.000000
1641929316140985622 145.240644 0.000000
1641929316235635797 177.158639 0.000000
1641929316271609184 144.925373 0.000000
1641929316341787382 145.033084 0.000000
1641929316341916344 144.852446 0.000000
1641929316412631410 176.995102 0.000000
1641929316431581864 145.008869 0.000000
1641929316451169795 177.266020 0.000000
1641929316562034006 144.844101 0.000000
1641929316562145825 144.760675 0.000000
1641929316634272056 144.652491 0.000000
1641929316779524632 144.620160 0.000000
1641929316856209649 177.337233 0.000000
1641929316959845910 145.163389 0.000000
1641929316960858468 145.181092 0.000000
1641929316997025729 145.030651 0.000000
1641929317286204746 144.958516 0.000000
1641929317322582520 144.969636 0.000000
1641929317433980101 145.330783 0.000000
1641929317434066944 145.234983 0.000000
1641929317469009738 144.862105 0.000000
1641929317505807231 144.756416 0.000000
1641929317578601344 144.782315 0.000000
1641929317651247740 144.551994 0.000000
1641929317686524160 144.996606 0.000000
1641929318049026682 145.105500 0.000000
1641929318102894614 145.008869 0.000000
1641929318158919581 144.780190 0.000000
1641929318160644485 144.615542 0.000000
1641929318175573321 144.906648 0.000000
1641929318303287178 145.134615 0.000000
1641929318314844825 177.468930 0.000000
1641929318376749253 145.024598 0.000000
1641929318377188546 145.136387 0.000000
1641929318611028884 144.801450 0.000000
1641929318666789936 145.077349 0.000000
1641929318811969455 145.177716 0.000000
1641929318828951611 145.001837 0.000000
1641929318886884533 144.878124 0.000000
1641929318957730274 144.910585 0.000000
1641929319031100557 144.967573 0.000000
1641929319104493001 144.996666 0.000000
1641929319264822141 145.089461 0.000000
1641929319321122062 145.348385 0.000000
1641929319611571240 145.041971 0.000000
1641929319830381821 145.417534 0.000000
1641929319865999842 145.334159 0.000000
1641929319903984680 145.173538 0.000000
1641929320120807997 145.077078 0.000000
1641929320139022222 177.163027 0.000000
1641929320156777626 144.862876 0.000000
1641929320338572065 145.073890 0.000000
1641929320412708905 144.843589 0.000000
1641929320592471946 145.095462 0.000000
1641929320703538606 144.939569 0.000000
1641929320800577249 177.225985 0.000000
1641929320846954218 145.082347 0.000000
1641929320848280735 144.741678 0.000000
1641929320883303551 145.229874 0.000000
1641929320992173381 145.216869 0.000000
1641929321025515547 177.107363 0.000000
1641929321139201017 144.677961 0.000000
1641929321174512112 145.080724 0.000000
1641929321283967541 144.765162 0.000000
1641929321319570184 145.055838 0.000000
1641929321517644983 145.247448 0.000000
1641929321720147011 144.877543 0.000000
1641929321755870970 144.992309 0.000000
1641929321792201017 145.075375 0.000000
1641929321793456200 144.979365 0.000000
1641929321938100014 145.381307 0.000000
1641929322042904415 177.147818 0.000000
1641929322098680986 144.857627 0.000000
1641929322119553814 144.961820 0.000000
1641929322302826746 144.987540 0.000000
1641929322447172843 144.953465 0.000000
1641929322621630316 177.182121 0.000000
1641929322663541335 145.147560 0.000000
1641929322665425297 144.918540 0.000000
1641929322772608797 145.062239 0.000000
1641929322773086012 145.086325 0.000000
1641929322798549608 176.918871 0.000000
1641929322808846682 145.117364 0.000000
1641929323064274897 177.050105 0.000000
1641929323261489433 144.902942 0.000000
1641929323353902905 144.778698 0.000000
1641929323537820885 144.702675 0.000000
1641929323754003841 145.265100 0.000000
1641929323770115493 144.993159 0.000000
1641929323862587406 177.154852 0.000000
1641929323898165562 145.194177 0.000000
1641929323901740363 144.715279 0.000000
1641929323934721190 145.049786 0.000000
1641929324007414123 144.822921 0.000000
1641929324039792981 177.203152 0.000000
1641929324117001861 144.954217 0.000000
1641929324117138176 144.971660 0.000000
1641929324119278950 144.861303 0.000000
1641929324119582980 144.808364 0.000000
1641929324191743174 145.044216 0.000000
1641929324298111025 144.997148 0.000000
1641929324351237258 144.827209 0.000000
1641929324409462309 144.787995 0.000000
1641929324423486198 145.034268 0.000000
1641929324641183042 145.006145 0.000000
1641929324661487866 145.232659 0.000000
1641929324662031866 145.394492 0.000000
1641929324698010222 144.962692 0.000000
1641929324749030767 177.128371 0.000000
1641929324772652760 144.598390 0.000000
1641929324918153532 145.156677 0.000000
1641929325279883626 145.015041 0.000000
1641929325497086763 145.139013 0.000000
1641929325570051275 145.139464 0.000000
1641929325585208950 145.100531 0.000000
1641929325825211248 145.011604 0.000000
1641929325863135582 145.068781 0.000000
1641929326079533331 144.829073 0.000000
1641929326239058453 145.254891 0.000000
1641929326260745648 145.143371 0.000000
1641929326311678259 145.028135 0.000000
1641929326369512949 145.152359 0.000000
1641929326517387830 145.245082 0.000000
1641929326589855541 144.838229 0.000000
1641929326696428967 145.007376 0.000000
1641929326732538921 145.025972 0.000000
1641929326806480394 144.828762 0.000000
1641929326807024905 144.700010 0.000000
1641929326880743391 145.153941 0.000000
1641929326987213383 144.890347 0.000000
1641929327023207520 145.098708 0.000000
1641929327204868117 144.960057 0.000000
1641929327243822353 144.745095 0.000000
1641929327350086890 145.217731 0.000000
1641929327350742198 144.858017 0.000000
1641929327366510619 177.101671 0.000000
1641929327409341893 177.140885 0.000000
1641929327677756133 145.142069 0.000000
1641929327750935337 145.272233 0.000000
1641929327764081302 177.157197 0.000000
1641929327824791512 144.666739 0.000000
1641929328697764952 177.024567 0.000000
1641929328767645643 145.509067 0.000000
1641929329001772326 145.033878 0.000000
1641929329058862250 144.882924 0.000000
1641929329133108554 144.956410 0.000000
1641929329133183795 144.846265 0.000000
1641929329206064230 146.391782 0.000000
1641929329230304121 177.205135 0.000000
1641929329351293442 144.797503 0.000000
1641929329931143542 145.091445 0.000000
1641929329933290377 144.657150 0.000000
1641929329934080669 144.637274 0.000000
1641929330019489108 145.192553 0.000000
1641929330070939529 177.099077 0.000000
1641929330237208234 145.049395 0.000000
1641929330294680864 145.238008 0.000000
1641929330403787710 145.137211 0.000000
1641929330514534581 144.998330 0.000000
1641929330549376966 145.411713 0.000000
1641929330586669648 144.871372 0.000000
1641929330660008983 144.707394 0.000000
1641929330805164836 145.018125 0.000000
1641929330950137098 145.128174 0.000000
1641929331023108644 144.738182 0.000000
1641929331037821625 145.090963 0.000000
1641929331094843761 177.342603 0.000000
1641929331167897811 144.786412 0.000000
1641929331168843935 145.106953 0.000000
1641929331386944885 145.235604 0.000000
1641929331458271738 145.042893 0.000000
1641929331530623281 145.092647 0.000000
1641929331676034865 144.945741 0.000000
1641929331750854525 144.867755 0.000000
1641929331750938112 144.557724 0.000000
1641929331785091096 144.916737 0.000000
1641929331804326966 177.166623 0.000000
1641929331821088849 145.045107 0.000000
1641929331895621901 144.766274 0.000000
1641929331966225447 145.133953 0.000000
1641929331968163891 144.825705 0.000000
1641929332040311602 144.688760 0.000000
1641929332041089441 144.751066 0.000000
1641929332111459169 145.231127 0.000000
1641929332221102640 144.967131 0.000000
1641929332258955571 144.879807 0.000000
1641929332491825038 145.115630 0.000000
1641929332621499821 144.916116 0.000000
1641929332636805163 144.976368 0.000000
1641929332692984399 145.276872 0.000000
1641929332729321858 144.914943 0.000000
1641929332780788259 177.415439 0.000000
1641929332840022641 144.867383 0.000000
1641929332947101978 145.057480 0.000000
1641929332958037518 177.247155 0.000000
1641929332985263898 144.897142 0.000000
1641929332986505235 144.767729 0.000000
1641929333055896257 144.929310 0.000000
1641929333057218205 144.833130 0.000000
1641929333073300755 145.222119 0.000000
1641929333218810863 144.784818 0.000000
1641929333349920658 145.052533 0.000000
1641929333420338416 144.908381 0.000000
1641929333422471555 144.899845 0.000000
1641929333637199402 145.108105 0.000000
1641929333639398625 144.653203 0.000000
1641929333654234687 144.981167 0.000000
1641929333710932334 145.183306 0.000000
1641929333711116499 145.311466 0.000000
1641929334017336973 145.089971 0.000000
1641929334062939521 176.915173 0.000000
1641929334073850265 145.171234 0.000000
1641929334200033653 177.270558 0.000000
1641929334364043753 144.854530 0.000000
1641929334473040422 144.740836 0.000000
1641929334509552989 144.991326 0.000000
1641929334511462309 144.989943 0.000000
1641929334581740246 144.977912 0.000000
1641929334598285882 145.189338 0.000000
1641929334657256711 145.300917 0.000000
1641929334690578157 144.963554 0.000000
1641929334727119339 144.999762 0.000000
1641929334729415063 145.379385 0.000000
1641929334801908171 145.046590 0.000000
1641929334874813662 144.780972 0.000000
1641929334888552087 144.927938 0.000000
1641929334981341923 145.082285 0.000000
1641929335163074658 145.132261 0.000000
1641929335308233958 145.112352 0.000000
1641929335383820807 144.922898 0.000000
1641929335397591863 144.885519 0.000000
1641929335482862102 177.322766 0.000000
1641929335526156325 145.092507 0.000000
1641929335598766723 145.149772 0.000000
1641929335817266252 144.985066 0.000000
1641929335889302833 145.162286 0.000000
1641929335964581655 145.077007 0.000000
1641929336399430750 145.263898 0.000000
1641929336473600642 144.795570 0.000000
1641929336543455214 145.075163 0.000000
1641929336581012210 145.044457 0.000000
1641929336691491829 144.743011 0.000000
1641929336777340273 145.107413 0.000000
1641929336871361269 145.088468 0.000000
1641929336906685730 145.010784 0.000000
1641929336943511315 145.038104 0.000000
1641929337257723840 177.311386 0.000000
1641929337269819726 145.093538 0.000000
1641929337286178893 145.038314 0.000000
1641929337487641403 145.017186 0.000000
1641929337562282798 145.015802 0.000000
1641929338144797423 144.881280 0.000000
1641929338376277665 145.203744 0.000000
1641929338435360464 145.228301 0.000000
1641929338435540100 144.721550 0.000000
1641929338506655126 144.721691 0.000000
1641929338725753746 144.956851 0.000000
1641929338812353490 145.138432 0.000000
1641929338944401262 144.994242 0.000000
1641929339341687651 144.923660 0.000000
1641929339524347703 144.738925 0.000000
1641929339740944123 145.091455 0.000000
1641929339886016261 145.076256 0.000000
1641929339961397213 145.168439 0.000000
1641929339995783675 145.084662 0.000000
1641929340251780567 144.690202 0.000000
1641929340251905661 144.661819 0.000000
1641929340253163850 144.927697 0.000000
1641929340396894684 144.987400 0.000000
1641929340433125092 145.295256 0.000000
1641929340613279807 145.132541 0.000000
1641929340615490862 144.629629 0.000000
1641929340688020509 144.773109 0.000000
1641929340759206648 144.721631 0.000000
1641929340833354037 145.290238 0.000000
1641929340868537393 145.056209 0.000000
1641929340979873788 144.920473 0.000000
1641929341052196528 144.746237 0.000000
1641929341159129819 144.916776 0.000000
1641929341268118063 144.802753 0.000000
1641929341304799227 144.643094 0.000000
1641929341341972132 145.054745 0.000000
1641929341429580477 145.124316 0.000000
1641929341631633354 145.265101 0.000000
1641929341667871106 145.068310 0.000000
1641929341885760520 145.187975 0.000000
1641929341996229158 144.815847 0.000000
1641929342013667740 177.156255 0.000000
1641929342142767745 145.010452 0.000000
1641929342176260101 145.155965 0.000000
1641929342361324852 145.025131 0.000000
1641929342649121727 145.078351 0.000000
1641929342651845764 144.873446 0.000000
1641929342810934277 144.983141 0.000000
1641929342867258865 145.118334 0.000000
1641929343377614788 144.793296 0.000000
1641929343392120772 145.292130 0.000000
1641929343449660948 144.936653 0.000000
1641929343522814375 145.197122 0.000000
1641929343558115522 145.136759 0.000000
1641929343595900605 145.040720 0.000000
1641929343812379395 145.096715 0.000000
1641929343848666139 145.075584 0.000000
1641929344212044363 145.045898 0.000000
1641929344249438904 144.954468 0.000000
1641929344249828435 144.991066 0.000000
1641929344250819132 144.793566 0.000000
1641929344393954780 145.019059 0.000000
1641929344410773799 177.288502 0.000000
1641929344444759410 177.215325 0.000000
1641929344503019046 145.079032 0.000000
1641929344613715812 144.849000 0.000000
1641929344627288325 145.252135 0.000000
1641929344685910691 145.022314 0.000000
1641929344830922056 145.009711 0.000000
1641929344854274573 177.069702 0.000000
1641929344918077330 145.113005 0.000000
1641929345120728949 145.173999 0.000000
1641929345340273084 145.450376 0.000000
1641929345376217117 144.915324 0.000000
1641929345413483247 145.133983 0.000000
1641929345521386337 145.166956 0.000000
1641929345717691088 145.053503 0.000000
1641929345775181111 177.183425 0.000000
1641929345830665283 177.191981 0.000000
1641929345935522383 144.937606 0.000000
1641929345996001299 144.860692 0.000000
1641929346067247029 145.082368 0.000000
1641929346214198690 145.240093 0.000000
1641929346321697240 145.132832 0.000000
1641929346363314428 177.049864 0.000000
1641929346517002398 145.570412 0.000000
1641929346575452961 145.086465 0.000000
1641929346576802451 144.839461 0.000000
1641929346794513280 145.002717 0.000000
1641929346895755281 177.187993 0.000000
1641929346940854858 144.824383 0.000000
1641929347084260612 145.280238 0.000000
1641929347301932258 145.202373 0.000000
1641929347304727518 144.679763 0.000000
1641929347375903036 144.986457 0.000000
1641929347666568971 145.164101 0.000000
1641929347694605208 177.311264 0.000000
1641929347921067964 144.996536 0.000000
1641929347956377176 145.141638 0.000000
1641929347959063171 144.908071 0.000000
1641929348030036290 145.495611 0.000000
1641929348066057486 144.987860 0.000000
1641929348248877909 144.968964 0.000000
1641929348319880423 144.817229 0.000000
1641929348322159125 144.784678 0.000000
1641929348348091198 177.069641 0.000000
1641929348392415190 145.120378 0.000000
1641929348467252742 144.957873 0.000000
1641929348479887168 144.981127 0.000000
1641929348540691104 144.957764 0.000000
1641929348613729915 176.978531 0.000000
1641929348757418619 145.024538 0.000000
1641929348792577349 144.947353 0.000000
1641929348901382871 144.923329 0.000000
1641929349145766912 177.120988 0.000000
1641929349191737831 145.068501 0.000000
1641929349192447682 144.765844 0.000000
1641929349519263895 145.007337 0.000000
1641929349558451107 177.025349 0.000000
1641929349664397969 145.132411 0.000000
1641929349716507425 145.249852 0.000000
1641929349775707273 144.928548 0.000000
1641929349919839929 144.885598 0.000000
1641929350007429248 145.416813 0.000000
1641929350066415236 144.826358 0.000000
1641929350100782342 144.996106 0.000000
1641929350122105615 177.305804 0.000000
1641929350211751850 144.839412 0.000000
1641929350282633217 145.151637 0.000000
1641929350283431754 144.859981 0.000000
1641929350357701352 144.779499 0.000000
1641929350430342568 144.933067 0.000000
1641929350573700131 145.250982 0.000000
1641929350720720151 145.451870 0.000000
1641929350952782244 144.925703 0.000000
1641929351191806337 144.950730 0.000000
1641929351192190788 144.866742 0.000000
1641929351228125894 145.157819 0.000000
1641929351229180270 144.878464 0.000000
1641929351302993173 144.840504 0.000000
1641929351518771019 145.172075 0.000000
1641929351519697025 145.076837 0.000000
1641929351534910394 145.165914 0.000000
1641929351665487459 144.763639 0.000000
1641929351719021015 177.172705 0.000000
1641929351884950993 144.826518 0.000000
1641929351956721438 144.636141 0.000000
1641929351984558802 176.907337 0.000000
1641929351991794567 144.774371 0.000000
1641929352246589605 145.077618 0.000000
1641929352247027857 144.807431 0.000000
1641929352339130315 177.040827 0.000000
1641929352480253982 144.950461 0.000000
1641929352500601046 144.940982 0.000000
1641929352538944245 144.582349 0.000000
1641929352573861803 144.612346 0.000000
1641929352610928089 145.164280 0.000000
1641929352625571690 145.203655 0.000000
1641929352664920615 177.341773 0.000000
1641929352719164472 144.834692 0.000000
1641929352770572925 144.999281 0.000000
1641929352828362720 144.868676 0.000000
1641929352841986540 177.063520 0.000000
1641929352936417353 145.092896 0.000000
1641929352973375086 145.011213 0.000000
1641929353120652488 144.586117 0.000000
1641929353137625617 177.018897 0.000000
1641929353554087763 145.038765 0.000000
1641929353808653952 144.899845 0.000000
1641929353845154438 144.888394 0.000000
1641929353881821345 144.896138 0.000000
1641929354065386724 144.985886 0.000000
1641929354135826874 145.269458 0.000000
1641929354210101582 144.713556 0.000000
1641929354379445079 177.192631 0.000000
1641929354390278738 145.236125 0.000000
1641929354646426574 144.797543 0.000000
1641929354753718376 144.625510 0.000000
1641929355008870434 144.811228 0.000000
1641929355097126874 145.175752 0.000000
1641929355189508105 145.117212 0.000000
1641929355190489234 145.535616 0.000000
1641929355226502316 144.877934 0.000000
1641929355298775781 145.066667 0.000000
1641929355505222135 177.525877 0.000000
1641929355519082187 144.615291 0.000000
1641929355605629001 145.221098 0.000000
1641929355843920602 145.018778 0.000000
1641929355917170529 144.953265 0.000000
1641929356027859531 144.817470 0.000000
1641929356100291794 144.671195 0.000000
1641929356114569791 144.915383 0.000000
1641929356316339337 145.110650 0.000000
1641929356420457911 177.347462 0.000000
1641929356425595242 144.953565 0.000000
1641929356462742740 145.151476 0.000000
1641929356535160528 145.015182 0.000000
1641929356752636867 145.109157 0.000000
1641929356862598635 144.806690 0.000000
1641929357118771707 145.137289 0.000000
1641929357152542546 144.904003 0.000000
1641929357188926631 145.086072 0.000000
1641929357261428397 144.826197 0.000000
1641929357335203909 144.679693 0.000000
1641929357336403828 144.705811 0.000000
1641929357408991745 144.950762 0.000000
1641929357516697093 145.557096 0.000000
1641929357552871197 145.478649 0.000000
1641929357568235119 144.931204 0.000000
1641929357770509540 145.029729 0.000000
1641929357931368733 144.869769 0.000000
1641929358133890429 145.050237 0.000000
1641929358134953351 145.067419 0.000000
1641929358134984329 144.738732 0.000000
1641929358206596635 145.030198 0.000000
1641929358281396459 144.771634 0.000000
1641929358281455810 144.797262 0.000000
1641929358371137110 177.090029 0.000000
1641929358388987082 144.677507 0.000000
1641929358497052507 145.065656 0.000000
1641929358498291670 145.006034 0.000000
1641929358498461077 144.668100 0.000000
1641929358584637326 145.200078 0.000000
1641929358715964927 145.007977 0.000000
1641929358802409389 144.879195 0.000000
1641929359153045135 144.691573 0.000000
1641929359297529722 144.953827 0.000000
1641929359370957581 145.491092 0.000000
1641929359442264316 144.732952 0.000000
1641929359659776113 144.914522 0.000000
1641929359735277922 144.606075 0.000000
1641929359805123836 144.926263 0.000000
1641929359877517750 177.219864 0.000000
1641929359893021544 145.182254 0.000000
1641929359951733037 144.749354 0.000000
1641929360097208959 144.954596 0.000000
1641929360278169006 144.916957 0.000000
1641929360316021996 145.282602 0.000000
1641929360316564042 144.926554 0.000000
1641929360387173910 145.497234 0.000000
1641929360389189739 144.763689 0.000000
1641929360714747693 144.915694 0.000000
1641929360764615267 145.202503 0.000000
1641929360837224453 145.136357 0.000000
1641929360968326011 144.973352 0.000000
1641929360982341956 145.049636 0.000000
1641929361041193291 145.139825 0.000000
1641929361113501372 145.169181 0.000000
1641929361116106666 145.193936 0.000000
1641929361261901449 144.833000 0.000000
1641929361295571699 145.022386 0.000000
1641929361552109424 144.747781 0.000000
1641929361697666241 144.995074 0.000000
1641929361768364965 145.057039 0.000000
1641929361841833280 144.679660 0.000000
1641929361917199927 176.780690 0.000000
1641929361949845585 145.072410 0.000000
1641929362167634280 145.095402 0.000000
1641929362277399932 145.088320 0.000000
1641929362350318698 145.017015 0.000000
1641929362639778441 145.014410 0.000000
1641929362642683176 144.694931 0.000000
1641929362784893609 144.966951 0.000000
1641929362860442646 145.583466 0.000000
1641929363075737926 145.235684 0.000000
1641929363159004712 177.109808 0.000000
1641929363223975869 144.743441 0.000000
1641929363224182507 144.837418 0.000000
1641929363307703569 144.982259 0.000000
1641929363369400198 144.786373 0.000000
1641929363584696911 145.139926 0.000000
1641929363585805920 144.856714 0.000000
1641929363621568592 145.151977 0.000000
1641929363743492204 144.985675 0.000000
1641929363839548866 145.059393 0.000000
1641929363850162884 177.348885 0.000000
1641929363868212330 177.157917 0.000000
1641929364222491314 177.014458 0.000000
1641929364240440183 145.144334 0.000000
1641929364241520438 144.793536 0.000000
1641929364385638737 144.716510 0.000000
1641929364458290473 144.861634 0.000000
1641929364488364772 177.218000 0.000000
1641929364532013407 145.035891 0.000000
1641929364542915665 145.037012 0.000000
1641929364567201703 145.267494 0.000000
1641929364894319600 145.120418 0.000000
1641929365112863672 144.871593 0.000000
1641929365181142069 177.287390 0.000000
1641929365293457710 144.937586 0.000000
1641929365402811308 145.090652 0.000000
1641929365414942390 145.061549 0.000000
1641929365512133508 145.337876 0.000000
1641929365552986603 176.889224 0.000000
1641929365632959112 145.258867 0.000000
1641929365713357831 176.993509 0.000000
1641929365911840835 145.136548 0.000000
1641929365986287294 144.782804 0.000000
1641929366057561338 144.695531 0.000000
1641929366084572003 176.920381 0.000000
1641929366275352298 145.274188 0.000000
1641929366640656971 144.720419 0.000000
1641929366857205201 145.031032 0.000000
1641929367076502885 144.967142 0.000000
1641929367110749995 145.147618 0.000000
1641929367292575022 145.090852 0.000000
1641929367474995415 145.399652 0.000000
1641929367857329763 177.152058 0.000000
1641929367876082889 144.936565 0.000000
1641929367949030659 144.878355 0.000000
1641929368094301570 144.859109 0.000000
1641929368165015393 145.111672 0.000000
1641929368239687987 145.171504 0.000000
1641929368311557917 145.132341 0.000000
1641929368455558796 145.123083 0.000000
1641929368456956316 144.828771 0.000000
1641929368603714084 145.649390 0.000000
1641929368676086695 144.791129 0.000000
1641929368730112084 177.221837 0.000000
1641929368749365257 144.855571 0.000000
1641929368783496211 144.938618 0.000000
1641929368928054755 145.108886 0.000000
1641929368965578559 144.830286 0.000000
1641929368976398362 145.166706 0.000000
1641929369073421946 145.364987 0.000000
1641929369173410579 176.826144 0.000000
1641929369255786022 144.707043 0.000000
1641929369327775698 145.074443 0.000000
1641929369329495973 144.736220 0.000000
1641929369401180254 145.340581 0.000000
1641929369412832959 145.201591 0.000000
1641929369474057854 144.644656 0.000000
1641929369475547166 144.817711 0.000000
1641929369621042717 144.808533 0.000000
1641929369655213884 144.858617 0.000000
1641929369727683119 145.230886 0.000000
1641929369909629492 145.132129 0.000000
1641929369911026731 144.653291 0.000000
1641929370054668388 145.037053 0.000000
1641929370381984367 144.809165 0.000000
1641929370419292577 144.853447 0.000000
1641929370593358236 177.295753 0.000000
1641929370637961973 144.690652 0.000000
1641929370694989680 177.010151 0.000000
1641929370818672429 144.861421 0.000000
1641929370855433192 144.871450 0.000000
1641929370865726820 145.153310 0.000000
1641929371301921557 145.214897 0.000000
1641929371363282637 145.109949 0.000000
1641929371520006468 145.176614 0.000000
1641929371655086572 144.547092 0.000000
1641929371834810349 177.297769 0.000000
1641929372236935881 144.635762 0.000000
1641929372319676239 145.029788 0.000000
1641929372528656942 144.878556 0.000000
1641929372609919440 145.064603 0.000000
1641929372636893336 145.920317 0.000000
1641929372755231057 145.309723 0.000000
1641929372964962327 144.984364 0.000000
1641929373109654713 144.777586 0.000000
1641929373110225824 145.262145 0.000000
1641929373183044893 144.829803 0.000000
1641929373190801895 144.867545 0.000000
1641929373217811637 144.801008 0.000000
1641929373362825366 145.013119 0.000000
1641929373400154816 145.007577 0.000000
1641929373689777112 145.106423 0.000000
1641929373690430577 145.000855 0.000000
1641929373690661110 144.695112 0.000000
1641929373837249019 144.823181 0.000000
1641929373887737747 177.127702 0.000000
1641929373944630741 145.139924 0.000000
1641929374016727125 145.012816 0.000000
1641929374234669058 144.729665 0.000000
1641929374273392410 144.829192 0.000000
1641929374417567416 144.789207 0.000000
1641929374563989324 145.062209 0.000000
1641929374597618044 177.131607 0.000000
1641929374708430559 145.066938 0.000000
1641929374708912974 145.034157 0.000000
1641929374743433857 145.319503 0.000000
1641929374789291053 144.880578 0.000000
1641929374888926314 144.926606 0.000000
1641929374999749697 145.288624 0.000000
1641929375251989025 145.004942 0.000000
1641929375252538535 144.808964 0.000000
1641929375289682546 144.897760 0.000000
1641929375363000040 145.092087 0.000000
1641929375363444383 144.661309 0.000000
1641929375370535566 144.962102 0.000000
1641929375396310887 177.078299 0.000000
1641929375435210676 144.820012 0.000000
1641929375469949641 145.177534 0.000000
1641929375473753672 177.083756 0.000000
1641929375543074074 145.138281 0.000000
1641929375580291703 144.904987 0.000000
1641929375652880812 145.016904 0.000000
1641929375654426610 144.931104 0.000000
1641929375734006803 145.023096 0.000000
1641929375951537395 144.894525 0.000000
1641929376105754475 176.985143 0.000000
1641929376169506648 145.097726 0.000000
1641929376197947855 145.403268 0.000000
1641929376343392662 145.091124 0.000000
1641929376387372719 145.176724 0.000000
1641929376779429271 144.806910 0.000000
1641929376818128650 144.728804 0.000000
1641929376889318365 144.732472 0.000000
1641929376924502372 145.084592 0.000000
1641929377113714296 145.301969 0.000000
1641929377325767319 145.342815 0.000000
1641929377404137885 144.987719 0.000000
1641929377542253582 144.907078 0.000000
1641929377617276343 144.638054 0.000000
1641929377834457589 144.702866 0.000000
1641929377907650439 144.746858 0.000000
1641929377912288875 144.873926 0.000000
1641929377981062420 145.032433 0.000000
1641929378052377299 145.352122 0.000000
1641929378414622337 145.083749 0.000000
1641929378488484784 144.859680 0.000000
1641929378500510326 177.176251 0.000000
1641929378634162686 144.757727 0.000000
1641929378781013728 144.928799 0.000000
1641929378854936648 176.861992 0.000000
1641929378923680428 145.133715 0.000000
1641929378925364354 144.655548 0.000000
1641929378927443041 145.231097 0.000000
1641929378935225440 177.242787 0.000000
1641929379031995929 177.057758 0.000000
1641929379141564421 145.060336 0.000000
1641929379218274014 144.661919 0.000000
1641929379250298978 145.166433 0.000000
1641929379288740042 144.740406 0.000000
1641929379363189678 144.914502 0.000000
1641929379564130328 177.205907 0.000000
1641929379578841537 144.842367 0.000000
1641929379686286699 145.065987 0.000000
1641929379687141682 144.914083 0.000000
1641929379724948644 144.991796 0.000000
1641929379831792539 145.099809 0.000000
1641929379943382690 144.615071 0.000000
1641929379943704112 144.619700 0.000000
1641929380086794545 145.036481 0.000000
1641929380088392180 144.686645 0.000000
1641929380095752258 176.991625 0.000000
1641929380235023862 144.667309 0.000000
1641929380235143366 144.606815 0.000000
1641929380379995972 144.965948 0.000000
1641929380524292776 144.741618 0.000000
1641929380525000112 144.957132 0.000000
1641929380667826337 145.244919 0.000000
1641929380740632886 144.913882 0.000000
1641929380804589922 177.033965 0.000000
1641929381067505574 144.804185 0.000000
1641929381104077624 144.963425 0.000000
1641929381106669221 144.799547 0.000000
1641929381539889432 144.888816 0.000000
1641929381612632329 144.987590 0.000000
1641929381760594144 144.691965 0.000000
1641929381833165007 144.878052 0.000000
1641929381868682019 177.111260 0.000000
1641929381953198607 177.231755 0.000000
1641929382051430597 144.918760 0.000000
1641929382086021031 144.885399 0.000000
1641929382196334559 144.901989 0.000000
1641929382197371613 145.144875 0.000000
1641929382198072267 144.920073 0.000000
1641929382230907190 144.884566 0.000000
1641929382268950408 144.895878 0.000000
1641929382341436942 144.775851 0.000000
1641929382414696860 144.875439 0.000000
1641929382448666210 144.855212 0.000000
1641929382633376455 144.657753 0.000000
1641929382752072186 177.272352 0.000000
1641929382849089308 144.608389 0.000000
1641929382993598000 145.058883 0.000000
1641929382994907585 144.897090 0.000000
1641929383175107133 145.253928 0.000000
1641929383211891201 144.938828 0.000000
1641929383575808492 144.978322 0.000000
1641929383650426254 144.692886 0.000000
1641929383796023838 144.634168 0.000000
1641929383868844329 144.790760 0.000000
1641929383902586601 144.753076 0.000000
1641929383940929311 144.944647 0.000000
1641929384048321995 145.761313 0.000000
1641929384085196802 145.000715 0.000000
1641929384193278414 144.954686 0.000000
1641929384229515688 145.227118 0.000000
1641929384377273981 144.786893 0.000000
1641929384439483490 177.071503 0.000000
1641929384521890535 144.615382 0.000000
1641929384595077313 144.942154 0.000000
1641929384702391329 145.298903 0.000000
1641929384811206155 145.168006 0.000000
1641929384847486630 145.122722 0.000000
1641929384959600162 145.135839 0.000000
1641929385060128554 177.336709 0.000000
1641929385175098702 144.794555 0.000000
1641929385175528508 144.799665 0.000000
1641929385177207435 145.278603 0.000000
1641929385237149867 177.018319 0.000000
1641929385538053771 145.036951 0.000000
1641929385684493565 144.852558 0.000000
1641929385684863979 144.705562 0.000000
1641929385759060800 144.627483 0.000000
1641929385829331041 144.836484 0.000000
1641929385831828913 144.611002 0.000000
1641929385977141734 144.827771 0.000000
1641929386046842377 144.912018 0.000000
1641929386083643055 145.048643 0.000000
1641929386083774381 144.676695 0.000000
1641929386192298855 145.236196 0.000000
1641929386267618773 144.802073 0.000000
1641929386485449606 144.856113 0.000000
1641929386701001499 145.255761 0.000000
1641929386703017378 145.000203 0.000000
1641929386737098397 145.055456 0.000000
1641929386737691018 144.805828 0.000000
1641929386846584914 144.927035 0.000000
1641929386922447069 145.019279 0.000000
1641929386922510758 144.866812 0.000000
1641929386955035067 145.164839 0.000000
1641929387138122412 145.229644 0.000000
1641929387354820643 145.052862 0.000000
1641929387357936915 144.776534 0.000000
1641929387391541630 144.955027 0.000000
1641929387574802500 144.793927 0.000000
1641929387575328876 144.799317 0.000000
1641929387576380508 145.028998 0.000000
1641929387937048018 145.009241 0.000000
1641929387988018609 176.951630 0.000000
1641929388084126957 144.955229 0.000000
1641929388155085099 145.077929 0.000000
1641929388301969884 144.906978 0.000000
1641929388447219144 145.245834 0.000000
1641929388482682365 145.626889 0.000000
1641929388518909937 146.151561 0.000000
1641929388811776396 144.763648 0.000000
1641929388881856159 145.239632 0.000000
1641929388884757338 144.710179 0.000000
1641929388957648474 144.630521 0.000000
1641929389029475795 144.717605 0.000000
1641929389030870469 144.751218 0.000000
1641929389101759680 144.919331 0.000000
1641929389320436109 144.895826 0.000000
1641929389465554154 144.741068 0.000000
1641929389537616795 144.700933 0.000000
1641929389612016477 144.722883 0.000000
1641929389755635561 145.005162 0.000000
1641929389757863047 145.129005 0.000000
1641929389902826861 144.962021 0.000000
1641929389936645187 145.273704 0.000000
1641929389937538282 145.092525 0.000000
1641929390082318652 144.779550 0.000000
1641929390190801720 145.042663 0.000000
1641929390338933584 144.685593 0.000000
1641929390481421577 145.078920 0.000000
1641929390483039530 144.746888 0.000000
1641929390554152240 145.093737 0.000000
1641929390560041160 176.972409 0.000000
1641929390809401832 144.841025 0.000000
1641929390917316471 145.198925 0.000000
1641929391063625166 144.699368 0.000000
1641929391284098575 144.979474 0.000000
1641929391355912109 145.120098 0.000000
1641929391358404201 176.986948 0.000000
1641929391427061246 144.883592 0.000000
1641929391535940717 144.785389 0.000000
1641929391718428867 144.604170 0.000000
1641929391753304425 144.645567 0.000000
1641929391792369359 144.821278 0.000000
1641929391937638826 144.866672 0.000000
1641929392068120191 177.306225 0.000000
1641929392081012891 144.724316 0.000000
1641929392152793232 145.327195 0.000000
1641929392226495949 145.413437 0.000000
1641929392552640171 145.029889 0.000000
1641929392599878706 177.033083 0.000000
1641929392661985214 145.015843 0.000000
1641929392954212182 144.686514 0.000000
1641929393025222220 145.168208 0.000000
1641929393027357253 145.024048 0.000000
1641929393173288532 144.830746 0.000000
1641929393388589312 145.138931 0.000000
1641929393391010381 145.332716 0.000000
1641929393486887675 177.044875 0.000000
1641929393533992491 145.234543 0.000000
1641929393535321122 144.700802 0.000000
1641929393570964750 144.835723 0.000000
1641929393682902422 145.166795 0.000000
1641929393824614420 145.018636 0.000000
1641929393898683525 144.955209 0.000000
1641929393973471414 144.898042 0.000000
1641929394116468021 145.091424 0.000000
1641929394285253203 177.104507 0.000000
1641929394336533915 144.756375 0.000000
1641929394553796354 144.767607 0.000000
1641929394625577927 145.414999 0.000000
1641929394772350513 144.940942 0.000000
1641929395097835319 145.088168 0.000000
1641929395205985603 144.888002 0.000000
1641929395207153252 144.895166 0.000000
1641929395260545142 177.131919 0.000000
1641929395282499657 145.236404 0.000000
1641929395388457219 144.960005 0.000000
1641929395426161372 144.740477 0.000000
1641929395426729217 144.863769 0.000000
1641929395461488748 145.030820 0.000000
1641929395533784916 144.897190 0.000000
1641929395679349558 144.731019 0.000000
1641929395786980267 144.891721 0.000000
1641929395824184418 144.833157 0.000000
1641929395861567439 144.770982 0.000000
1641929395861925540 145.134693 0.000000
1641929396004797264 145.077008 0.000000
1641929396006634168 144.988883 0.000000
1641929396007212712 144.917700 0.000000
1641929396260211103 145.103637 0.000000
1641929396517571420 144.769560 0.000000
1641929396550322987 144.883445 0.000000
1641929396662711966 145.158950 0.000000
1641929396733333385 144.725358 0.000000
1641929396767804326 177.177735 0.000000
1641929396808415678 144.869989 0.000000
1641929396879899634 144.959056 0.000000
1641929396944961451 177.093786 0.000000
1641929397094813068 145.146808 0.000000
1641929397244262583 144.907309 0.000000
1641929397386952665 144.823983 0.000000
1641929397461631800 144.802301 0.000000
1641929397462993222 144.699668 0.000000
1641929397495835871 144.906037 0.000000
1641929397565921375 177.023153 0.000000
1641929397607204717 144.640549 0.000000
1641929397639809058 145.111982 0.000000
1641929397967282542 145.053762 0.000000
1641929397969997672 144.688438 0.000000
1641929397970251027 144.701543 0.000000
1641929398043524578 144.974274 0.000000
1641929398186719396 144.805607 0.000000
1641929398257684863 144.933549 0.000000
1641929398275416803 177.141206 0.000000
1641929398367223326 144.929620 0.000000
1641929398404338574 145.003287 0.000000
1641929398404618549 144.844430 0.000000
1641929398405307310 144.867613 0.000000
1641929398475441267 144.937836 0.000000
1641929398511997855 144.771924 0.000000
1641929398551879530 145.031241 0.000000
1641929398695084216 144.983681 0.000000
1641929398840477196 144.787154 0.000000
1641929398947524561 145.102555 0.000000
1641929398947798564 144.843869 0.000000
1641929399201792509 145.163335 0.000000
1641929399339060178 176.892821 0.000000
1641929399346880469 145.084123 0.000000
1641929399383645919 145.514266 0.000000
1641929399528966804 145.317158 0.000000
1641929399785938793 144.903854 0.000000
1641929399959555892 177.146104 0.000000
1641929400076250851 144.608145 0.000000
1641929400220574087 144.662171 0.000000
1641929400292707731 144.742901 0.000000
1641929400294564472 144.826588 0.000000
1641929400511001081 145.297710 0.000000
1641929400511136706 144.823861 0.000000
1641929400657444740 145.555173 0.000000
1641929401054891520 145.239003 0.000000
1641929401054941123 145.180673 0.000000
1641929401242776206 150.853998 0.000000
1641929401388903250 145.431040 0.000000
1641929401425516848 145.576273 0.000000
1641929401535270796 144.860611 0.000000
1641929401557472387 177.074010 0.000000
1641929401680000170 144.727110 0.000000
1641929401682487152 144.739282 0.000000
1641929402037820486 145.000594 0.000000
1641929402045171215 144.686264 0.000000
1641929402335937576 144.861522 0.000000
1641929402407337044 144.821046 0.000000
1641929402480418175 144.905425 0.000000
1641929402697765482 144.773838 0.000000
1641929402771292098 144.825305 0.000000
1641929402807103491 145.471708 0.000000
1641929402878931373 144.864308 0.000000
1641929402987565543 144.679543 0.000000
1641929403062401063 144.770714 0.000000
1641929403064371857 176.755322 0.000000
1641929403169308965 144.781563 0.000000
1641929403417995052 145.045308 0.000000
1641929403418792106 177.043384 0.000000
1641929403424327132 145.512182 0.000000
1641929403496708290 145.033835 0.000000
1641929403570057624 144.924681 0.000000
1641929403570942693 145.116001 0.000000
1641929403595963559 177.169389 0.000000
1641929403605192189 144.764202 0.000000
1641929403773614148 176.980894 0.000000
1641929403860049903 144.574836 0.000000
1641929403950642643 177.026351 0.000000
1641929404040936010 145.045457 0.000000
1641929404150499351 145.119836 0.000000
1641929404404706798 145.093368 0.000000
1641929404441876057 145.003409 0.000000
1641929404840167910 144.786784 0.000000
1641929404870964323 144.927848 0.000000
1641929405023371090 144.751837 0.000000
1641929405161532261 145.043683 0.000000
1641929405167241724 145.210205 0.000000
1641929405167272753 145.411884 0.000000
1641929405370306869 177.256742 0.000000
1641929405385195268 145.166044 0.000000
1641929405387487615 144.856543 0.000000
1641929405677851601 144.775059 0.000000
1641929405742823441 145.192274 0.000000
1641929405784040378 145.039897 0.000000
1641929405784475604 144.649395 0.000000
1641929405823321867 144.853200 0.000000
1641929405895316290 144.807140 0.000000
1641929405895896057 144.777064 0.000000
1641929405968386470 145.063401 0.000000
1641929406147701841 144.991808 0.000000
1641929406185947879 144.617265 0.000000
1641929406256480352 176.964063 0.000000
1641929406257756996 145.105050 0.000000
1641929406511151849 145.112914 0.000000
1641929406620746707 145.160582 0.000000
1641929406686679376 145.055785 0.000000
1641929406729099611 145.123012 0.000000
1641929407057297243 145.056949 0.000000
1641929407196586750 145.168388 0.000000
1641929407276697959 144.796661 0.000000
1641929407320165806 176.951209 0.000000
1641929407348258550 145.010803 0.000000
1641929407528024233 145.054703 0.000000
1641929407632804039 145.270388 0.000000
1641929407783868059 144.834603 0.000000
1641929407818935568 144.909845 0.000000
1641929407857092667 144.781010 0.000000
1641929407891447110 144.949967 0.000000
1641929407930744800 145.010833 0.000000
1641929408074205567 144.730117 0.000000
1641929408109387981 145.223913 0.000000
1641929408222274631 145.465745 0.000000
1641929408293238333 144.771513 0.000000
1641929408367178205 145.081978 0.000000
1641929408502517717 144.837127 0.000000
1641929408510563319 144.973783 0.000000
1641929408545026556 144.858277 0.000000
1641929408561732734 177.294744 0.000000
1641929408656068819 144.675383 0.000000
1641929408727960708 144.756203 0.000000
1641929408738956551 176.943983 0.000000
1641929408793040301 145.134914 0.000000
1641929408800492291 145.153019 0.000000
1641929408873080909 144.760908 0.000000
1641929409093368407 177.069380 0.000000
1641929409160962402 145.187053 0.000000
1641929409382011729 144.803614 0.000000
1641929409417202809 144.852064 0.000000
1641929409451819623 145.217810 0.000000
1641929409453930961 145.355438 0.000000
1641929409456828614 144.796852 0.000000
1641929409591929979 145.068781 0.000000
1641929409708231490 145.583255 0.000000
1641929409815593697 145.191972 0.000000
1641929409891066492 145.652587 0.000000
1641929410179589708 145.362051 0.000000
1641929410181326223 144.621642 0.000000
1641929410181577434 144.832378 0.000000
1641929410246022486 177.024327 0.000000
1641929410399475454 145.350449 0.000000
1641929410399517864 145.283845 0.000000
1641929410691886349 144.816058 0.000000
1641929410762650786 145.069543 0.000000
1641929410837677413 145.395703 0.000000
1641929410871655230 145.234342 0.000000
1641929410907669063 145.017325 0.000000
1641929410979799972 145.195449 0.000000
1641929411044061690 177.119886 0.000000
1641929411200260035 144.714107 0.000000
1641929411233976761 144.853809 0.000000
1641929411235035977 144.973994 0.000000
1641929411273007289 144.960508 0.000000
1641929411343425217 144.985074 0.000000
1641929411345884267 144.995073 0.000000
1641929411417370557 145.104949 0.000000
1641929411491318593 144.760523 0.000000
1641929411491600231 145.071446 0.000000
1641929411561549341 144.923389 0.000000
1641929411563533781 145.232879 0.000000
1641929411563620423 144.916286 0.000000
1641929411708887516 144.701192 0.000000
1641929411743128776 145.021763 0.000000
1641929411851789676 144.910394 0.000000
1641929411853646897 144.643283 0.000000
1641929411997403168 145.159621 0.000000
1641929411999172064 144.699859 0.000000
1641929412106025546 145.209245 0.000000
1641929412216619549 144.748470 0.000000
1641929412217883208 144.785750 0.000000
1641929412361617198 144.997038 0.000000
1641929412373922897 176.973672 0.000000
1641929412435691680 144.642141 0.000000
1641929412652600626 144.632704 0.000000
1641929412724018538 145.078890 0.000000
1641929412760646763 144.923840 0.000000
1641929412797218520 145.521638 0.000000
1641929412833307085 145.146027 0.000000
1641929413196526188 145.101612 0.000000
1641929413235638430 144.995143 0.000000
1641929413269464661 145.090461 0.000000
1641929413296614929 145.256233 0.000000
1641929413306183456 145.040368 0.000000
1641929413380836944 144.696333 0.000000
1641929413450913161 144.729033 0.000000
1641929413559651535 144.904552 0.000000
1641929413598698696 144.829323 0.000000
1641929413743663051 144.963944 0.000000
1641929413886659486 144.870318 0.000000
1641929414095207660 145.094209 0.000000
1641929414179223078 145.240643 0.000000
1641929414323029383 145.365227 0.000000
1641929414323112619 144.828591 0.000000
1641929414324261062 145.037373 0.000000
1641929414468664646 145.634762 0.000000
1641929414500714929 177.098315 0.000000
1641929414541642292 145.772170 0.000000
1641929414677765893 177.023663 0.000000
1641929414688498834 144.677947 0.000000
1641929414868884162 145.012194 0.000000
1641929414904117563 145.163760 0.000000
1641929414976893381 144.837168 0.000000
1641929415013247672 144.859259 0.000000
1641929415050247603 145.245141 0.000000
1641929415085689233 144.945660 0.000000
1641929415195197582 144.653804 0.000000
1641929415342647186 144.791180 0.000000
1641929415413560382 145.090982 0.000000
1641929415485688897 145.348305 0.000000
1641929415487802159 145.040408 0.000000
1641929415630983572 145.293723 0.000000
1641929415703340565 145.008017 0.000000
1641929415741437473 176.874345 0.000000
1641929415775797416 144.812842 0.000000
1641929415778683456 144.722252 0.000000
1641929416007238614 177.113714 0.000000
1641929416030206680 144.837999 0.000000
1641929416139823653 145.012146 0.000000
1641929416141120344 144.609020 0.000000
1641929416141743291 144.780601 0.000000
1641929416248715876 145.080495 0.000000
1641929416360684917 145.112714 0.000000
1641929416538609581 144.722281 0.000000
1641929416683136136 144.867404 0.000000
1641929416721566960 144.826988 0.000000
1641929416722624082 144.906026 0.000000
1641929416866370474 144.897520 0.000000
1641929416901073219 145.242066 0.000000
1641929416999767224 144.984152 0.000000
1641929417010697034 144.690181 0.000000
1641929417012709226 145.139353 0.000000
1641929417013876935 144.604741 0.000000
1641929417159861152 176.965446 0.000000
1641929417228484306 144.977951 0.000000
1641929417337037303 177.175249 0.000000
1641929417374790086 144.951121 0.000000
1641929417449783061 144.704639 0.000000
1641929417514080795 177.007785 0.000000
1641929417737326911 144.845424 0.000000
1641929417812287875 144.638835 0.000000
1641929417883507797 144.916526 0.000000
1641929417918849069 144.843158 0.000000
1641929417957756627 145.109187 0.000000
1641929417991743239 144.944419 0.000000
1641929418100631795 145.319641 0.000000
1641929418174821133 144.972880 0.000000
1641929418354817000 144.940821 0.000000
1641929418391088406 144.930902 0.000000
1641929418400855326 177.255250 0.000000
1641929418684252021 144.712573 0.000000
1641929418828714737 144.961371 0.000000
1641929418932818423 177.234189 0.000000
1641929419045828035 145.310093 0.000000
1641929419047992663 144.767506 0.000000
1641929419081760045 144.852145 0.000000
1641929419227727210 144.790419 0.000000
1641929419411552937 144.765062 0.000000
1641929419555468727 144.513671 0.000000
1641929419591373946 144.957042 0.000000
1641929419629777479 144.963906 0.000000
1641929419736067383 145.126629 0.000000
1641929419904842254 145.367069 0.000000
1641929419954246069 144.735907 0.000000
1641929419990778113 145.046961 0.000000
1641929419992754669 144.765954 0.000000
1641929420064787634 144.661158 0.000000
1641929420066455852 144.861613 0.000000
1641929420136036410 145.256554 0.000000
1641929420209012153 145.052110 0.000000
1641929420211118171 144.661778 0.000000
1641929420244953450 145.056999 0.000000
1641929420356049003 144.676145 0.000000
1641929420413403723 144.957343 0.000000
1641929420427763182 144.855161 0.000000
1641929420430500052 144.817350 0.000000
1641929420499462331 145.146777 0.000000
1641929420501420632 144.952583 0.000000
1641929420528092713 177.217258 0.000000
1641929420572423988 144.659794 0.000000
1641929420865801254 144.661288 0.000000
1641929420899610524 145.499729 0.000000
1641929420938203592 144.941182 0.000000
1641929421010303734 144.933939 0.000000
1641929421083484531 144.792393 0.000000
1641929421228189700 145.282963 0.000000
1641929421228493069 145.025189 0.000000
1641929421481914993 145.245553 0.000000
1641929421699597789 144.984663 0.000000
1641929421769397639 177.107253 0.000000
1641929421858342127 177.116810 0.000000
1641929421883889729 144.772816 0.000000
1641929421917583133 144.723083 0.000000
1641929421918025582 145.076185 0.000000
1641929422062788108 144.986827 0.000000
1641929422099643398 144.826676 0.000000
1641929422172702839 144.630599 0.000000
1641929422207985161 145.149293 0.000000
1641929422212984533 177.190287 0.000000
1641929422656210831 176.788323 0.000000
1641929422756261449 144.565016 0.000000
1641929423008480449 145.326325 0.000000
1641929423118479667 145.344969 0.000000
1641929423188054023 177.075220 0.000000
1641929423265327814 144.608138 0.000000
1641929423323453779 145.018167 0.000000
1641929423336411880 144.723774 0.000000
1641929423481346240 144.850794 0.000000
1641929423554013063 144.771955 0.000000
1641929423555340221 144.799717 0.000000
1641929423589551446 144.920524 0.000000
1641929423614159748 145.223292 0.000000
1641929423700368236 144.868195 0.000000
1641929423897434885 177.107562 0.000000
1641929423918094765 145.476917 0.000000
1641929424025878210 144.760504 0.000000
1641929424061846256 144.902409 0.000000
1641929424135261013 145.253378 0.000000
1641929424170795908 144.916827 0.000000
1641929424282233392 145.160873 0.000000
1641929424498487761 145.151237 0.000000
1641929424499378190 144.982019 0.000000
1641929424518378229 176.715989 0.000000
1641929424535650407 145.110229 0.000000
1641929424717496703 144.740025 0.000000
1641929424752644252 145.204335 0.000000
1641929424861982691 144.891007 0.000000
1641929424862346082 144.848828 0.000000
1641929424936778436 144.999982 0.000000
1641929425007023550 144.987890 0.000000
1641929425042633685 144.847996 0.000000
1641929425082051951 145.305266 0.000000
1641929425299845205 144.920584 0.000000
1641929425334597643 145.047111 0.000000
1641929425405674675 145.033854 0.000000
1641929425516243293 144.810357 0.000000
1641929425589981465 144.691705 0.000000
1641929425734580375 144.999030 0.000000
1641929425735847170 144.862244 0.000000
1641929425806372349 144.900646 0.000000
1641929425841790143 145.032592 0.000000
1641929425879678071 144.993130 0.000000
1641929425914739248 144.790880 0.000000
1641929426025875919 176.909382 0.000000
1641929426097204824 144.992688 0.000000
1641929426132368583 145.026302 0.000000
1641929426389694947 144.986037 0.000000
1641929426422602957 144.940029 0.000000
1641929426557891403 177.147666 0.000000
1641929426646619245 177.024746 0.000000
1641929426714130936 144.875669 0.000000
1641929426752982890 144.877724 0.000000
1641929426825598978 144.575767 0.000000
1641929426968551092 144.957343 0.000000
1641929426970103482 144.736980 0.000000
1641929427042178826 145.040628 0.000000
1641929427188035024 144.779339 0.000000
1641929427222438297 144.786031 0.000000
1641929427333428123 144.649475 0.000000
1641929427367618658 145.179900 0.000000
1641929427404625853 145.375265 0.000000
1641929427622150994 176.777695 0.000000
1641929427697858939 144.894254 0.000000
1641929427914418780 144.652010 0.000000
1641929427915824315 144.794708 0.000000
1641929428060437190 144.693145 0.000000
1641929428275749032 145.095211 0.000000
1641929428276694133 144.778077 0.000000
1641929428277300130 144.827339 0.000000
1641929428421823699 144.719377 0.000000
1641929428496353045 144.716120 0.000000
1641929428563715133 145.326042 0.000000
1641929428708831143 145.113816 0.000000
1641929428785753285 144.905164 0.000000
1641929428787046970 144.651178 0.000000
1641929428952031987 177.248266 0.000000
1641929429076253076 144.930051 0.000000
1641929429111894963 144.995786 0.000000
1641929429145455515 145.129204 0.000000
1641929429149879338 144.791871 0.000000
