1641929297953859609 145.001928 0.000000
1641929297953947434 145.134066 0.000000
1641929298027852838 144.792793 0.000000
1641929298099231599 145.034667 0.000000
1641929298280911203 145.001366 0.000000
1641929298391770434 144.727132 0.000000
1641929298471365165 177.198875 0.000000
1641929298681705528 145.033726 0.000000
1641929298753238015 144.853528 0.000000
1641929298812127613 145.192644 0.000000
1641929298827018848 145.310004 0.000000
1641929298828240488 145.076125 0.000000
1641929298828315068 145.147309 0.000000
1641929298862330224 145.078050 0.000000
1641929298914828380 177.230454 0.000000
1641929298957268429 145.137249 0.000000
1641929299081278012 144.902069 0.000000
1641929299189426522 144.912679 0.000000
1641929299626827522 145.211159 0.000000
1641929299698471108 144.605764 0.000000
1641929299698721357 144.729957 0.000000
1641929299699851817 145.081246 0.000000
1641929299808185583 145.031722 0.000000
1641929299830279853 145.266633 0.000000
1641929299916071080 145.076947 0.000000
1641929299953130904 144.799127 0.000000
1641929299990961934 145.106253 0.000000
1641929300006602504 145.121521 0.000000
1641929300062764858 145.116150 0.000000
1641929300499358083 145.463612 0.000000
1641929300570787207 144.871442 0.000000
1641929300607848164 145.337917 0.000000
1641929300629746245 145.214666 0.000000
1641929300644172969 144.946863 0.000000
1641929300702479654 145.191392 0.000000
1641929300825975204 144.830466 0.000000
1641929300862073635 144.732652 0.000000
1641929300878886633 144.917277 0.000000
1641929300934224651 145.161766 0.000000
1641929300935085215 145.172556 0.000000
1641929301154607140 144.918200 0.000000
1641929301225590648 145.285929 0.000000
1641929301262942639 145.192262 0.000000
1641929301284277986 145.025611 0.000000
1641929301297821446 145.240614 0.000000
1641929301298143059 144.562343 0.000000
1641929301300298519 145.689916 0.000000
1641929301370501193 144.985235 0.000000
1641929301372451409 145.307649 0.000000
1641929301480311308 144.849320 0.000000
1641929301553184239 144.717413 0.000000
1641929301661458654 145.336593 0.000000
1641929301677676748 144.938267 0.000000
1641929301720770082 145.036442 0.000000
1641929301806675934 145.060275 0.000000
1641929301916311422 145.239643 0.000000
1641929301916394688 145.278816 0.000000
1641929302024651099 145.039096 0.000000
1641929302097752940 144.820707 0.000000
1641929302098623943 145.087187 0.000000
1641929302206512434 144.992810 0.000000
1641929302229686206 145.083139 0.000000
1641929302229722495 145.083820 0.000000
1641929302243669611 145.111291 0.000000
1641929302315168275 145.114097 0.000000
1641929302424059707 145.083639 0.000000
1641929302462378481 144.990365 0.000000
1641929302605833216 144.800859 0.000000
1641929302607044397 145.394491 0.000000
1641929302898282544 144.887781 0.000000
1641929303043519381 144.959168 0.000000
1641929303102933943 145.197964 0.000000
1641929303333609917 144.865080 0.000000
1641929303442457697 144.701663 0.000000
1641929303478085547 144.887632 0.000000
1641929303539174988 145.239762 0.000000
1641929303611849747 144.952304 0.000000
1641929303624932913 144.972271 0.000000
1641929303659792762 145.242496 0.000000
1641929303795943847 177.353374 0.000000
1641929303805688184 145.026813 0.000000
1641929303915628283 144.918150 0.000000
1641929304095736450 145.287281 0.000000
1641929304193846822 145.220436 0.000000
1641929304221750452 144.895257 0.000000
1641929304387021455 144.964687 0.000000
1641929304423143191 145.162487 0.000000
1641929304630294665 145.301619 0.000000
1641929304643485132 145.416092 0.000000
1641929304683217827 177.281469 0.000000
1641929304775521683 145.225374 0.000000
1641929304787855766 144.794739 0.000000
1641929304823719797 145.294434 0.000000
1641929304993846795 145.114738 0.000000
1641929305037818025 177.162045 0.000000
1641929305222818905 145.179239 0.000000
1641929305295292006 145.097426 0.000000
1641929305430256626 145.114919 0.000000
1641929305514761232 144.926144 0.000000
1641929305659841686 145.079682 0.000000
1641929305721023520 145.243279 0.000000
1641929305732801930 144.690563 0.000000
1641929305866446535 145.125077 0.000000
1641929306011840918 145.392809 0.000000
1641929306038428109 144.784088 0.000000
1641929306095784783 144.789458 0.000000
1641929306229897175 145.228842 0.000000
1641929306302539804 145.142691 0.000000
1641929306547144550 145.095302 0.000000
1641929306605775031 144.889908 0.000000
1641929306666286768 145.296539 0.000000
1641929306765077696 145.209255 0.000000
1641929306811611120 145.205228 0.000000
1641929306824126360 144.792534 0.000000
1641929307113180875 145.034288 0.000000
1641929307259786226 144.608398 0.000000
1641929307658814902 144.947015 0.000000
1641929307903328607 145.308591 0.000000
1641929307927732827 145.080585 0.000000
1641929308058904516 144.845082 0.000000
1641929308194107112 145.237567 0.000000
1641929308204889395 144.982079 0.000000
1641929308240823028 145.345941 0.000000
1641929308276429287 144.933799 0.000000
1641929308312000109 144.795029 0.000000
1641929308350055749 144.734033 0.000000
1641929308409698448 177.014778 0.000000
1641929308420829004 144.881610 0.000000
1641929308458272327 144.837608 0.000000
1641929308567521760 144.928198 0.000000
1641929308703146979 145.342986 0.000000
1641929308712897427 144.848049 0.000000
1641929308853129562 177.283894 0.000000
1641929308994283406 145.346463 0.000000
1641929309147892497 144.896720 0.000000
1641929309221679992 145.022304 0.000000
1641929309222341723 145.066868 0.000000
1641929309295200426 144.821167 0.000000
1641929309401990288 145.316896 0.000000
1641929309439568144 144.924462 0.000000
1641929309475087340 144.943597 0.000000
1641929309503823398 145.373363 0.000000
1641929309583782804 145.049556 0.000000
1641929309730706033 145.014310 0.000000
1641929309731264500 144.828251 0.000000
1641929309890115618 144.944019 0.000000
1641929310006765454 177.262974 0.000000
1641929310021058108 145.074222 0.000000
1641929310021199373 144.967692 0.000000
1641929310021263453 145.002547 0.000000
1641929310158384165 145.294656 0.000000
1641929310166110038 145.051358 0.000000
1641929310376777164 145.575111 0.000000
1641929310384682283 144.989082 0.000000
1641929310456318145 144.930934 0.000000
1641929310493373469 145.114967 0.000000
1641929310522066169 144.999342 0.000000
1641929310529430624 144.747840 0.000000
1641929310673998517 144.971369 0.000000
1641929310907864532 145.189207 0.000000
1641929311330646766 144.665345 0.000000
1641929311337858756 177.168488 0.000000
1641929311364298761 144.964626 0.000000
1641929311694003179 144.994202 0.000000
1641929311925607314 145.196762 0.000000
1641929311981615618 144.987881 0.000000
1641929312055391642 144.701713 0.000000
1641929312269421572 145.183367 0.000000
1641929312273753933 144.809766 0.000000
1641929312344835155 144.797443 0.000000
1641929312434449920 145.313640 0.000000
1641929312490477722 176.763317 0.000000
1641929312491601649 145.396756 0.000000
1641929312563479074 144.899395 0.000000
1641929312671680773 144.998781 0.000000
1641929312672275298 144.667470 0.000000
1641929312797762751 145.261554 0.000000
1641929312854745933 145.012425 0.000000
1641929312890391377 144.688940 0.000000
1641929312925871758 144.982408 0.000000
1641929313073192452 144.967533 0.000000
1641929313145543786 144.967643 0.000000
1641929313361927848 144.831497 0.000000
1641929313363177811 144.790370 0.000000
1641929313581011310 144.907108 0.000000
1641929313725492100 144.853228 0.000000
1641929313762054391 145.013679 0.000000
1641929313762292427 145.035549 0.000000
1641929313944395463 144.772696 0.000000
1641929314053151413 145.074732 0.000000
1641929314324351265 144.976127 0.000000
1641929314379479751 145.082717 0.000000
1641929314454362931 144.659014 0.000000
1641929314524573299 145.064994 0.000000
1641929314598476191 144.698537 0.000000
1641929314615152934 145.261574 0.000000
1641929314743340820 144.723545 0.000000
1641929315071050969 144.803444 0.000000
1641929315106686833 144.913460 0.000000
1641929315181251395 144.712754 0.000000
1641929315288644108 145.023667 0.000000
1641929315289522565 144.630571 0.000000
1641929315397779828 145.226057 0.000000
1641929315544822690 145.295427 0.000000
1641929315908441474 144.669502 0.000000
1641929316051790924 145.057241 0.000000
1641929316197689892 144.901839 0.000000
1641929316271726173 144.709979 0.000000
1641929316305931976 145.121111 0.000000
1641929316415957635 144.718966 0.000000
1641929316559923950 144.748371 0.000000
1641929316633535164 144.900867 0.000000
1641929316635242866 144.977150 0.000000
1641929316923180986 145.177655 0.000000
1641929316996872732 145.248630 0.000000
1641929317104934649 144.728604 0.000000
1641929317143590074 144.895467 0.000000
1641929317360374797 144.815928 0.000000
1641929317649612053 145.011796 0.000000
1641929318014237465 145.211109 0.000000
1641929318087915904 144.637643 0.000000
1641929318158341046 144.810597 0.000000
1641929318158471942 144.911567 0.000000
1641929318451658592 145.315094 0.000000
1641929318465907073 144.947124 0.000000
1641929318486511178 144.839513 0.000000
1641929318741755459 144.772516 0.000000
1641929318812773312 145.038094 0.000000
1641929319047052580 145.033244 0.000000
1641929319284847260 144.628467 0.000000
1641929319322422089 144.797241 0.000000
1641929319324397402 177.169679 0.000000
1641929319394578167 145.213313 0.000000
1641929319575520037 144.820636 0.000000
1641929319938814103 145.344238 0.000000
1641929319976140948 145.146568 0.000000
1641929319976207322 144.907299 0.000000
1641929320084407828 145.109147 0.000000
1641929320211196993 177.165201 0.000000
1641929320265572959 145.147299 0.000000
1641929320266138118 145.298722 0.000000
1641929320267810363 144.713696 0.000000
1641929320301945704 144.919713 0.000000
1641929320340746010 144.986127 0.000000
1641929320411155433 145.016383 0.000000
1641929320558645544 144.716361 0.000000
1641929320666039018 144.925513 0.000000
1641929320884053006 145.059114 0.000000
1641929320992900084 145.214164 0.000000
1641929320993179187 145.079882 0.000000
1641929320994449849 144.847587 0.000000
1641929321098198902 177.006564 0.000000
1641929321283723544 144.670775 0.000000
1641929321358106125 144.622786 0.000000
1641929321429216210 145.388200 0.000000
1641929321501527428 145.247667 0.000000
1641929321502973258 144.739834 0.000000
1641929321539165826 145.421953 0.000000
1641929321646798960 144.930473 0.000000
1641929321939227238 144.593571 0.000000
1641929321939647786 144.855241 0.000000
1641929322084761973 144.644016 0.000000
1641929322085497863 145.085223 0.000000
1641929322119628103 144.794557 0.000000
1641929322161910228 176.849048 0.000000
1641929322375502286 144.965439 0.000000
1641929322520678779 144.874476 0.000000
1641929322593708404 144.719897 0.000000
1641929322665395101 144.921837 0.000000
1641929322665540854 144.713637 0.000000
1641929322738668381 144.959215 0.000000
1641929322883124095 144.642805 0.000000
1641929323099718641 145.099970 0.000000
1641929323100008915 144.991958 0.000000
1641929323137960761 177.105499 0.000000
1641929323174646965 144.625151 0.000000
1641929323389853459 144.741850 0.000000
1641929323498498519 144.952763 0.000000
1641929323536105169 144.924702 0.000000
1641929323538467708 144.932877 0.000000
1641929323609936746 144.841154 0.000000
1641929323827295946 144.793255 0.000000
1641929323935367071 144.795800 0.000000
1641929324007203058 145.155174 0.000000
1641929324044391903 145.171444 0.000000
1641929324060607171 144.997527 0.000000
1641929324117519702 144.666357 0.000000
1641929324188513660 144.732372 0.000000
1641929324298226011 145.038234 0.000000
1641929324443445044 145.217891 0.000000
1641929324553363602 144.940591 0.000000
1641929324554757625 144.716351 0.000000
1641929324588730211 145.283954 0.000000
1641929324627595330 144.677949 0.000000
1641929324713954192 144.978352 0.000000
1641929324771915488 144.724386 0.000000
1641929324858964904 144.990434 0.000000
1641929324918120190 145.193807 0.000000
1641929324989095342 144.988692 0.000000
1641929325208019146 144.787014 0.000000
1641929325242855000 144.749613 0.000000
1641929325279878586 145.101232 0.000000
1641929325280743387 144.920434 0.000000
1641929325367273821 145.020772 0.000000
1641929325460741649 145.421673 0.000000
1641929325499612759 145.190481 0.000000
1641929325643093833 145.232257 0.000000
1641929325644200588 144.805207 0.000000
1641929325933518375 145.174350 0.000000
1641929325933686150 144.888885 0.000000
1641929326007578652 144.863227 0.000000
1641929326067270052 177.182333 0.000000
1641929326297863621 144.811759 0.000000
1641929326333092692 145.385536 0.000000
1641929326370849093 144.731921 0.000000
1641929326443677690 145.193496 0.000000
1641929326478285618 145.190631 0.000000
1641929326517498758 145.333157 0.000000
1641929326662421947 144.868196 0.000000
1641929326880047326 145.131229 0.000000
1641929326880356045 145.048364 0.000000
1641929326952183515 144.898963 0.000000
1641929327042917289 177.099338 0.000000
1641929327132755572 144.920203 0.000000
1641929327277623919 144.866153 0.000000
1641929327314510768 145.008629 0.000000
1641929327402301174 145.270680 0.000000
1641929327486786293 177.231405 0.000000
1641929327606440191 144.802382 0.000000
1641929327858819822 145.230044 0.000000
1641929327896641132 144.802070 0.000000
1641929327983543073 145.054505 0.000000
1641929328004462520 145.131610 0.000000
1641929328042412422 144.880099 0.000000
1641929328108010585 177.172344 0.000000
1641929328114005032 144.862657 0.000000
1641929328115090968 144.831428 0.000000
1641929328185774194 144.995624 0.000000
1641929328259159585 144.981328 0.000000
1641929328367280773 144.987359 0.000000
1641929328624051756 144.641141 0.000000
1641929328767662695 145.109769 0.000000
1641929328840331553 145.087196 0.000000
1641929328841322431 144.962904 0.000000
1641929328877017987 144.973453 0.000000
1641929328906117107 177.098696 0.000000
1641929329058612271 145.354537 0.000000
1641929329059634657 144.914914 0.000000
1641929329074365783 144.853989 0.000000
1641929329094802334 144.850913 0.000000
1641929329132296562 144.760704 0.000000
1641929329133346130 145.010012 0.000000
1641929329206124843 145.318239 0.000000
1641929329350617665 144.758319 0.000000
1641929329351328187 144.805097 0.000000
1641929329422786044 145.000673 0.000000
1641929329438309516 177.197761 0.000000
1641929329495854923 145.235284 0.000000
1641929329640726134 145.178357 0.000000
1641929329642606900 145.404511 0.000000
1641929329714865979 145.590889 0.000000
1641929329785892188 145.162717 0.000000
1641929329881355217 177.109066 0.000000
1641929330040375052 145.183858 0.000000
1641929330078829290 144.815176 0.000000
1641929330079044644 144.820867 0.000000
1641929330149827076 144.953826 0.000000
1641929330185660430 145.281590 0.000000
1641929330324942634 177.450876 0.000000
1641929330368152377 144.873395 0.000000
1641929330476283293 145.157487 0.000000
1641929330733210599 144.972962 0.000000
1641929330840704151 144.800178 0.000000
1641929330876968904 145.177496 0.000000
1641929330892485292 145.483379 0.000000
1641929330949736647 145.461580 0.000000
1641929331241157807 145.077908 0.000000
1641929331459148942 145.132280 0.000000
1641929331640100651 144.681185 0.000000
1641929331640866827 145.273124 0.000000
1641929331749836086 144.955479 0.000000
1641929331894180740 144.824383 0.000000
1641929331894231775 144.841545 0.000000
1641929331982705913 145.072839 0.000000
1641929332002817103 144.737711 0.000000
1641929332111748772 144.785772 0.000000
1641929332257161378 145.409831 0.000000
1641929332258380874 144.765483 0.000000
1641929332477158323 144.759843 0.000000
1641929332550218344 144.952063 0.000000
1641929332839868552 145.085902 0.000000
1641929332985869122 144.855673 0.000000
1641929333092922479 145.383402 0.000000
1641929333132171165 145.127040 0.000000
1641929333201505100 145.015400 0.000000
1641929333203266122 144.766294 0.000000
1641929333341309565 176.942503 0.000000
1641929333347054675 144.740518 0.000000
1641929333492169684 145.297070 0.000000
1641929333493762690 144.696594 0.000000
1641929333509184360 145.036773 0.000000
1641929333602118027 144.640249 0.000000
1641929333711252073 145.310133 0.000000
1641929333746956026 144.836837 0.000000
1641929333928966971 145.031512 0.000000
1641929334017237096 144.972070 0.000000
1641929334073081704 145.032724 0.000000
1641929334073980709 144.513761 0.000000
1641929334218236587 145.151546 0.000000
1641929334220058402 144.673711 0.000000
1641929334474103044 144.954096 0.000000
1641929334583944708 144.648604 0.000000
1641929334618999292 144.860741 0.000000
1641929334729041132 144.938889 0.000000
1641929334837245135 145.235454 0.000000
1641929334939054109 177.211067 0.000000
1641929334961210085 144.901659 0.000000
1641929335020550176 145.193436 0.000000
1641929335178724756 144.941162 0.000000
1641929335418672220 145.136026 0.000000
1641929335818988740 144.820197 0.000000
1641929335892312626 144.961661 0.000000
1641929335904938976 145.349798 0.000000
1641929335962496616 145.404420 0.000000
1641929336109602627 144.846936 0.000000
1641929336181407796 145.066989 0.000000
1641929336328223732 145.039286 0.000000
1641929336328359567 145.216478 0.000000
1641929336358689003 177.072245 0.000000
1641929336618634648 144.686255 0.000000
1641929336763757171 145.121070 0.000000
1641929336802321645 177.471095 0.000000
1641929336835559895 144.646620 0.000000
1641929336922635881 145.181954 0.000000
1641929336982336708 144.837348 0.000000
1641929337054986921 144.630961 0.000000
1641929337125837621 145.331204 0.000000
1641929337271803955 144.715899 0.000000
1641929337343810782 144.690843 0.000000
1641929337853413163 144.852717 0.000000
1641929338070052443 145.130187 0.000000
1641929338106508004 145.060476 0.000000
1641929338142857025 145.171705 0.000000
1641929338217053637 144.774670 0.000000
1641929338290869114 145.081275 0.000000
1641929338433061033 145.028225 0.000000
1641929338506485198 145.098929 0.000000
1641929338542523657 145.080815 0.000000
1641929338797816207 144.735095 0.000000
1641929338798850717 145.032824 0.000000
1641929339020670539 176.944677 0.000000
1641929339196247443 145.213143 0.000000
1641929339306833201 144.927838 0.000000
1641929339453019737 144.796390 0.000000
1641929339539526377 144.965107 0.000000
1641929339598043415 144.777677 0.000000
1641929339888008085 145.404562 0.000000
1641929339923276500 144.921806 0.000000
1641929339960158921 144.992619 0.000000
1641929340034144067 144.739545 0.000000
1641929340107482910 144.719547 0.000000
1641929340140939420 145.108627 0.000000
1641929340322733538 145.011855 0.000000
1641929340688438312 144.755455 0.000000
1641929340868783785 145.145867 0.000000
1641929340905785931 144.760904 0.000000
1641929340921213461 144.816488 0.000000
1641929341196111386 145.273284 0.000000
1641929341196305660 145.341402 0.000000
1641929341232415995 144.963895 0.000000
1641929341269756284 145.195990 0.000000
1641929341269984592 144.705401 0.000000
1641929341284389316 144.908401 0.000000
1641929341343040695 144.703326 0.000000
1641929341558790289 145.097516 0.000000
1641929341706013078 145.044125 0.000000
1641929341778470770 144.629507 0.000000
1641929341778734334 144.724245 0.000000
1641929341861100792 177.220284 0.000000
1641929341958876115 145.107656 0.000000
1641929341996318005 144.872032 0.000000
1641929342214449262 145.247375 0.000000
1641929342288126551 145.004682 0.000000
1641929342360883053 144.739735 0.000000
1641929342431864277 144.780371 0.000000
1641929342665582736 144.932166 0.000000
1641929342795150769 145.060396 0.000000
1641929342796627838 144.738863 0.000000
1641929342868840941 144.902480 0.000000
1641929342869701113 145.289927 0.000000
1641929342941504178 145.097827 0.000000
1641929342956116061 145.141368 0.000000
1641929342976644223 145.072871 0.000000
1641929343012880463 144.928128 0.000000
1641929343303547960 145.161215 0.000000
1641929343304435704 145.151297 0.000000
1641929343377320066 144.896910 0.000000
1641929343558616081 144.963164 0.000000
1641929343595193079 145.268417 0.000000
1641929343631457912 144.681855 0.000000
1641929343667420078 144.956311 0.000000
1641929343668965966 144.749242 0.000000
1641929343776157122 145.105782 0.000000
1641929343814579710 144.951112 0.000000
1641929343849405365 145.276310 0.000000
1641929343885357543 145.250733 0.000000
1641929344105407938 144.932436 0.000000
1641929344250397622 144.908792 0.000000
1641929344467608764 144.820826 0.000000
1641929344575522644 145.292852 0.000000
1641929344576287978 145.101893 0.000000
1641929344758675128 144.729976 0.000000
1641929344903845921 145.169801 0.000000
1641929344903996744 145.073510 0.000000
1641929344977388467 144.679271 0.000000
1641929345049981863 144.667269 0.000000
1641929345085022451 145.235453 0.000000
1641929345194120231 145.192243 0.000000
1641929345339859379 145.070855 0.000000
1641929345486783799 145.077748 0.000000
1641929345521209505 145.038805 0.000000
1641929345666870938 144.757258 0.000000
1641929345666910132 144.745897 0.000000
1641929345849818669 145.225887 0.000000
1641929346066515848 145.196802 0.000000
1641929346139875921 144.899073 0.000000
1641929346211995310 145.179509 0.000000
1641929346359175819 144.925312 0.000000
1641929346359234299 144.566079 0.000000
1641929346648354145 144.998500 0.000000
1641929346722577006 145.009230 0.000000
1641929346722881667 145.167617 0.000000
1641929346829599343 145.066035 0.000000
1641929347012675284 144.955888 0.000000
1641929347084278536 144.940101 0.000000
1641929347194111453 144.964225 0.000000
1641929347483756533 145.046590 0.000000
1641929347594899335 144.735516 0.000000
1641929347666221419 144.787225 0.000000
1641929347720207503 177.236233 0.000000
1641929347738469397 145.394421 0.000000
1641929347739778111 144.844161 0.000000
1641929347813724944 145.013707 0.000000
1641929347919874086 145.163499 0.000000
1641929347920058742 144.825555 0.000000
1641929347958066753 144.638625 0.000000
1641929348174958056 145.407027 0.000000
1641929348175444178 145.609546 0.000000
1641929348247261008 145.367502 0.000000
1641929348394107042 145.299054 0.000000
1641929348465111849 145.228991 0.000000
1641929348501510034 145.230645 0.000000
1641929348518886448 177.254328 0.000000
1641929348540380361 144.840213 0.000000
1641929348574424311 144.930593 0.000000
1641929348611867514 144.915676 0.000000
1641929348625008699 144.985496 0.000000
1641929348685969628 144.949027 0.000000
1641929348792062674 145.166835 0.000000
1641929348829417301 144.669082 0.000000
1641929348830396717 144.729896 0.000000
1641929348830546768 144.874147 0.000000
1641929348831015938 145.045177 0.000000
1641929348903787558 144.753121 0.000000
1641929349047801603 144.851815 0.000000
1641929349410256875 145.100291 0.000000
1641929349410844727 144.816579 0.000000
1641929349411948727 144.698998 0.000000
1641929349557613206 144.979715 0.000000
1641929349773527286 145.189617 0.000000
1641929349774389593 145.045358 0.000000
1641929349847270468 144.982419 0.000000
1641929349920474649 144.814254 0.000000
1641929350283491265 144.790670 0.000000
1641929350428648062 145.109358 0.000000
1641929350465064760 145.086756 0.000000
1641929350502457618 144.715319 0.000000
1641929350538220110 145.354829 0.000000
1641929350575192148 144.778256 0.000000
1641929350646731790 144.926855 0.000000
1641929350647168809 145.389633 0.000000
1641929350720164319 144.970948 0.000000
1641929350720734237 144.860221 0.000000
1641929350865557418 145.100681 0.000000
1641929350937677177 144.696183 0.000000
1641929350938726234 144.997388 0.000000
1641929351012363717 144.778257 0.000000
1641929351083422938 145.131710 0.000000
1641929351155231313 145.026704 0.000000
1641929351155267741 144.832239 0.000000
1641929351156310175 144.817681 0.000000
1641929351302396234 144.481240 0.000000
1641929351360179467 177.285848 0.000000
1641929351373628319 144.807723 0.000000
1641929351518985801 145.271943 0.000000
1641929351520159522 144.884246 0.000000
1641929351628213083 145.038295 0.000000
1641929351738139685 145.224593 0.000000
1641929351810707645 145.096855 0.000000
1641929351883173351 144.852075 0.000000
1641929351884195117 144.798786 0.000000
1641929352030025857 144.811079 0.000000
1641929352100763575 145.030911 0.000000
1641929352100780737 144.940191 0.000000
1641929352173054393 145.138191 0.000000
1641929352246787597 144.905465 0.000000
1641929352246873187 177.231344 0.000000
1641929352392325047 144.889936 0.000000
1641929352480222313 145.001567 0.000000
1641929352755895972 144.779530 0.000000
1641929352828848270 144.952134 0.000000
1641929352829628533 145.079732 0.000000
1641929353047573962 144.618758 0.000000
1641929353265415356 145.004531 0.000000
1641929353481423584 144.983282 0.000000
1641929353626916690 145.086645 0.000000
1641929353701463549 144.632845 0.000000
1641929353772501500 144.992309 0.000000
1641929353846191592 145.389793 0.000000
1641929353882027631 145.020241 0.000000
1641929354064582586 144.788596 0.000000
1641929354137468090 144.988541 0.000000
1641929354427180646 144.830154 0.000000
1641929354428358154 144.568845 0.000000
1641929354535714969 145.079121 0.000000
1641929354645685064 144.633496 0.000000
1641929354680754837 145.038195 0.000000
1641929354879069174 145.145526 0.000000
1641929354908640309 177.232597 0.000000
1641929354935935918 145.262114 0.000000
1641929355155644212 144.851134 0.000000
1641929355189482166 145.126148 0.000000
1641929355300632723 144.738062 0.000000
1641929355315018922 145.182825 0.000000
1641929355334773435 145.289406 0.000000
1641929355373794916 144.739394 0.000000
1641929355517653980 144.675364 0.000000
1641929355518627084 144.831416 0.000000
1641929355589370463 145.198645 0.000000
1641929355626063298 145.125006 0.000000
1641929355882086570 144.853799 0.000000
1641929355917128460 145.366250 0.000000
1641929356041366051 145.168468 0.000000
1641929356135310433 145.052301 0.000000
1641929356173279441 144.861893 0.000000
1641929356318205575 144.799717 0.000000
1641929356607504406 144.851073 0.000000
1641929356752597674 145.087978 0.000000
1641929356753793085 144.827560 0.000000
1641929356825416993 145.087246 0.000000
1641929357045233470 145.115549 0.000000
1641929357263988306 144.754192 0.000000
1641929357336734157 144.900777 0.000000
1641929357407419598 145.057290 0.000000
1641929357481424981 144.837468 0.000000
1641929357661649427 144.875570 0.000000
1641929357698789783 144.999453 0.000000
1641929357771044854 144.787604 0.000000
1641929357772972698 144.835744 0.000000
1641929357844930803 144.775401 0.000000
1641929357879861044 145.195299 0.000000
1641929358293964149 144.929681 0.000000
1641929358352430623 145.066008 0.000000
1641929358572399064 144.750555 0.000000
1641929358824821685 144.835003 0.000000
1641929359152851702 144.942964 0.000000
1641929359168759564 177.017854 0.000000
1641929359226359283 144.767167 0.000000
1641929359297291886 144.842618 0.000000
1641929359345881113 177.119555 0.000000
1641929359443588799 145.161434 0.000000
1641929359588681476 145.348888 0.000000
1641929359659662730 145.040719 0.000000
1641929359674963984 145.024036 0.000000
1641929359966404570 177.268905 0.000000
1641929360183421158 144.752198 0.000000
1641929360205168596 145.476415 0.000000
1641929360388403254 144.538355 0.000000
1641929360569278551 145.279497 0.000000
1641929360605188710 144.873656 0.000000
1641929360641839828 145.657515 0.000000
1641929360677996568 145.307910 0.000000
1641929360752324616 145.097145 0.000000
1641929360825319155 144.757548 0.000000
1641929360825367997 144.875760 0.000000
1641929360860400008 144.936965 0.000000
1641929360968375143 145.050567 0.000000
1641929361041164818 145.092957 0.000000
1641929361077728020 145.056409 0.000000
1641929361078114013 144.904814 0.000000
1641929361114657299 144.832429 0.000000
1641929361187407130 145.282603 0.000000
1641929361272989565 145.139705 0.000000
1641929361332364041 144.955389 0.000000
1641929361586126985 145.020831 0.000000
1641929361622501123 144.863787 0.000000
1641929361623854170 144.738533 0.000000
1641929361695375015 144.996948 0.000000
1641929361696554687 144.838671 0.000000
1641929361697460054 144.782325 0.000000
1641929361804681222 145.215304 0.000000
1641929361840436151 145.077536 0.000000
1641929361842456689 144.585865 0.000000
1641929361842619314 144.614849 0.000000
1641929361985769090 144.925054 0.000000
1641929361987974744 144.787065 0.000000
1641929362059154521 145.125508 0.000000
1641929362205909893 144.949778 0.000000
1641929362313086992 145.100010 0.000000
1641929362360797262 177.190268 0.000000
1641929362568858812 145.032944 0.000000
1641929362569224758 144.806830 0.000000
1641929362570155683 145.004401 0.000000
1641929362715524687 144.919242 0.000000
1641929362749048973 144.879997 0.000000
1641929362786851840 144.668952 0.000000
1641929362788047832 144.927897 0.000000
1641929362857595018 144.840523 0.000000
1641929362859838464 144.926635 0.000000
1641929362933475997 144.657871 0.000000
1641929363006247377 144.717093 0.000000
1641929363112255464 145.044467 0.000000
1641929363184876021 145.284555 0.000000
1641929363221122420 145.046920 0.000000
1641929363223723125 144.975556 0.000000
1641929363307815128 144.836295 0.000000
1641929363402892464 145.117384 0.000000
1641929363440200061 144.953966 0.000000
1641929363660117717 145.014169 0.000000
1641929363694942933 145.438195 0.000000
1641929363766698558 145.035749 0.000000
1641929363839939438 144.994743 0.000000
1641929364023473900 145.032364 0.000000
1641929364094336621 145.160523 0.000000
1641929364167680044 144.696984 0.000000
1641929364169068567 144.935522 0.000000
1641929364458361366 144.749533 0.000000
1641929364542982641 145.040800 0.000000
1641929364567176175 145.292471 0.000000
1641929364567543794 145.392348 0.000000
1641929364748841892 144.578352 0.000000
1641929364821863371 144.809125 0.000000
1641929364895318483 144.844010 0.000000
1641929364906121635 144.929201 0.000000
1641929364932394617 177.057769 0.000000
1641929364968379104 144.595413 0.000000
1641929365041669889 144.881711 0.000000
1641929365111722613 145.120510 0.000000
1641929365113760944 145.150666 0.000000
1641929365113777845 144.717804 0.000000
1641929365185917441 144.942485 0.000000
1641929365269777458 145.282953 0.000000
1641929365366952305 145.439226 0.000000
1641929365584886593 145.251895 0.000000
1641929365907506119 177.054423 0.000000
1641929365948015980 145.068631 0.000000
1641929365986221701 144.857374 0.000000
1641929366021750776 145.117141 0.000000
1641929366093576543 144.754843 0.000000
1641929366129431577 144.919352 0.000000
1641929366422399568 144.721572 0.000000
1641929366527677586 177.087825 0.000000
1641929366566999741 144.963313 0.000000
1641929366712021704 144.836225 0.000000
1641929366712227270 144.517257 0.000000
1641929366712234052 144.773398 0.000000
1641929366796260893 144.855933 0.000000
1641929366882098477 177.088819 0.000000
1641929366929345497 145.026351 0.000000
1641929366931231964 144.633766 0.000000
1641929367075621443 144.978313 0.000000
1641929367147484150 145.228732 0.000000
1641929367149299443 144.997238 0.000000
1641929367438952998 145.121971 0.000000
1641929367657092140 145.146698 0.000000
1641929367731344837 144.898543 0.000000
1641929367801808300 144.816889 0.000000
1641929367875067385 144.699610 0.000000
1641929367875467776 144.742962 0.000000
1641929367885936891 145.134023 0.000000
1641929367947628611 144.798085 0.000000
1641929368021582257 144.784979 0.000000
1641929368167420060 145.052722 0.000000
1641929368237748882 144.805127 0.000000
1641929368311277171 145.363785 0.000000
1641929368311525115 145.459113 0.000000
1641929368420119240 144.673891 0.000000
1641929368492122018 145.090972 0.000000
1641929368529554612 145.641656 0.000000
1641929368602747552 145.018828 0.000000
1641929368673998511 144.877401 0.000000
1641929368747573608 144.824533 0.000000
1641929368783530124 144.811289 0.000000
1641929368967217201 144.806802 0.000000
1641929369038559370 144.929769 0.000000
1641929369183401036 144.840294 0.000000
1641929369183973449 144.934470 0.000000
1641929369255560119 144.858758 0.000000
1641929369255609872 144.667970 0.000000
1641929369401469085 144.800588 0.000000
1641929369475664145 144.830885 0.000000
1641929369546053750 145.083109 0.000000
1641929369655985150 144.994131 0.000000
1641929370091797252 145.253027 0.000000
1641929370091815396 145.350319 0.000000
1641929370127444398 145.219826 0.000000
1641929370200972545 144.937154 0.000000
1641929370202127460 144.757166 0.000000
1641929370236872966 145.056068 0.000000
1641929370345512837 145.229935 0.000000
1641929370381871486 144.995915 0.000000
1641929370428666660 177.043413 0.000000
1641929370429528796 145.079621 0.000000
1641929370566191840 144.670084 0.000000
1641929370600107679 144.947403 0.000000
1641929370720537222 145.364937 0.000000
1641929370782512041 145.513954 0.000000
1641929370856008791 144.944257 0.000000
1641929370891402152 145.474171 0.000000
1641929371001514061 144.630119 0.000000
1641929371002698181 144.615913 0.000000
1641929371073819998 144.770100 0.000000
1641929371146210674 144.922748 0.000000
1641929371146641141 145.126139 0.000000
1641929371219248825 145.025881 0.000000
1641929371291025090 144.775903 0.000000
1641929371363868706 144.679663 0.000000
1641929371365674281 144.739735 0.000000
1641929371403987434 177.124224 0.000000
1641929371582323590 144.841036 0.000000
1641929371583418111 144.945442 0.000000
1641929371936202785 177.246433 0.000000
1641929371945295831 145.179388 0.000000
1641929371945866400 144.946982 0.000000
1641929371982194251 144.981208 0.000000
1641929372090439751 144.816728 0.000000
1641929372163153195 145.099058 0.000000
1641929372165300010 144.965949 0.000000
1641929372308543469 144.847526 0.000000
1641929372563233190 144.987909 0.000000
1641929372600528485 144.938226 0.000000
1641929372745910123 145.340631 0.000000
1641929372746759486 144.866372 0.000000
1641929372755231798 144.865020 0.000000
1641929372823006510 177.004890 0.000000
1641929372890179065 145.090322 0.000000
1641929372926731348 145.097866 0.000000
1641929372965013984 144.906839 0.000000
1641929372965922487 144.798866 0.000000
1641929372999699317 144.901519 0.000000
1641929373110178385 145.163039 0.000000
1641929373183642012 144.562251 0.000000
1641929373400261215 145.385805 0.000000
1641929373472924021 144.679612 0.000000
1641929373545232583 144.970486 0.000000
1641929373617017354 145.076576 0.000000
1641929373618764770 144.834372 0.000000
1641929373619429767 145.025260 0.000000
1641929373762439107 144.811118 0.000000
1641929373798818737 177.081084 0.000000
1641929373909996254 144.855332 0.000000
1641929374016933432 145.208904 0.000000
1641929374055093619 144.920333 0.000000
1641929374161670271 144.960690 0.000000
1641929374270746690 144.936384 0.000000
1641929374271410334 144.925985 0.000000
1641929374272148929 144.665826 0.000000
1641929374272718567 144.673962 0.000000
1641929374416492320 144.870218 0.000000
1641929374489733802 144.915263 0.000000
1641929374635165624 145.304684 0.000000
1641929374670734193 144.970818 0.000000
1641929374743811565 144.980427 0.000000
1641929374925822150 144.703347 0.000000
1641929375007522819 144.995033 0.000000
1641929375034428296 145.091302 0.000000
1641929375071031836 144.921776 0.000000
1641929375106844291 145.219976 0.000000
1641929375106880228 145.191763 0.000000
1641929375142836313 145.221417 0.000000
1641929375225082805 145.042773 0.000000
1641929375363743664 144.866694 0.000000
1641929375654270878 144.890137 0.000000
1641929375726506604 144.910997 0.000000
1641929375798050232 145.797567 0.000000
1641929375834104491 145.712458 0.000000
1641929375870790494 145.010603 0.000000
1641929375870958489 144.958375 0.000000
1641929375944577207 144.951121 0.000000
1641929376016317523 145.426721 0.000000
1641929376088868409 145.013105 0.000000
1641929376090038032 144.559174 0.000000
1641929376270427568 144.953445 0.000000
1641929376307123199 144.966910 0.000000
1641929376852232572 144.846054 0.000000
1641929376888926640 144.961440 0.000000
1641929377034470992 145.156064 0.000000
1641929377180026227 145.141780 0.000000
1641929377251888002 145.258386 0.000000
1641929377252370116 145.304453 0.000000
1641929377252678925 144.925593 0.000000
1641929377253055420 145.066817 0.000000
1641929377324656556 145.244430 0.000000
1641929377326848015 144.730097 0.000000
1641929377398064489 144.784067 0.000000
1641929377470843815 145.172466 0.000000
1641929377542438910 145.119938 0.000000
1641929377543194977 145.129065 0.000000
1641929377578708051 144.876501 0.000000
1641929377689048950 144.797432 0.000000
1641929377760870660 145.115168 0.000000
1641929377835323452 145.072057 0.000000
1641929377980831487 144.650317 0.000000
1641929378197458495 144.655698 0.000000
1641929378269363329 145.244322 0.000000
1641929378378965443 144.758899 0.000000
1641929378414625773 145.109497 0.000000
1641929378561082427 145.285027 0.000000
1641929378632817584 145.297238 0.000000
1641929378778345546 145.010602 0.000000
1641929378852337676 144.816108 0.000000
1641929378854961184 176.880056 0.000000
1641929378927382217 145.215207 0.000000
1641929379000874337 144.745214 0.000000
1641929379033818406 144.708745 0.000000
1641929379068840691 145.169540 0.000000
1641929379069880650 144.830054 0.000000
1641929379105512437 144.718946 0.000000
1641929379209575347 177.139303 0.000000
1641929379214608472 144.887892 0.000000
1641929379216989235 144.828020 0.000000
1641929379432043984 144.878123 0.000000
1641929379506293234 144.999921 0.000000
1641929379577454908 145.109017 0.000000
1641929379577981265 145.473120 0.000000
1641929379650245374 144.762149 0.000000
1641929379795332249 145.146487 0.000000
1641929379798526157 144.736890 0.000000
1641929380161253388 144.885007 0.000000
1641929380234771559 144.916516 0.000000
1641929380450651856 144.819936 0.000000
1641929380598108824 144.678851 0.000000
1641929380668208223 144.992757 0.000000
1641929380704030548 144.872783 0.000000
1641929380704066716 144.770621 0.000000
1641929380815650296 144.938189 0.000000
1641929380849169362 145.137180 0.000000
1641929380922707500 145.117925 0.000000
1641929380959358998 144.967572 0.000000
1641929381179254653 145.086365 0.000000
1641929381469542286 144.741527 0.000000
1641929381542075511 145.050148 0.000000
1641929381576387764 145.200389 0.000000
1641929381614283825 144.900166 0.000000
1641929381614420100 144.875630 0.000000
1641929381648893675 144.978671 0.000000
1641929381686797943 144.932176 0.000000
1641929381687515358 144.924972 0.000000
1641929381759881748 145.245482 0.000000
1641929381905375306 145.131218 0.000000
1641929381905794422 145.234192 0.000000
1641929381976024438 145.170834 0.000000
1641929382193916186 145.025130 0.000000
1641929382194836721 144.860891 0.000000
1641929382197808292 144.742861 0.000000
1641929382269757541 144.704248 0.000000
1641929382303145741 144.902370 0.000000
1641929382340852837 144.869987 0.000000
1641929382559825662 145.055565 0.000000
1641929382705535165 145.046630 0.000000
1641929382778177132 144.647471 0.000000
1641929382848093572 145.137352 0.000000
1641929382957024748 144.911466 0.000000
1641929383021460351 177.010740 0.000000
1641929383068573101 144.667190 0.000000
1641929383103028632 144.956582 0.000000
1641929383285039898 145.148343 0.000000
1641929383286169456 144.686788 0.000000
1641929383320395317 145.250062 0.000000
1641929383504231592 145.014630 0.000000
1641929383553432877 177.073850 0.000000
1641929383575433479 145.442672 0.000000
1641929383577196204 144.684931 0.000000
1641929383650065868 144.934680 0.000000
1641929383650090805 144.870299 0.000000
1641929383651015719 145.009520 0.000000
1641929383683987278 145.259647 0.000000
1641929383722803395 145.073612 0.000000
1641929383901915974 144.888981 0.000000
1641929384230172599 144.909192 0.000000
1641929384230769298 144.911486 0.000000
1641929384303232309 144.656539 0.000000
1641929384338622544 145.490474 0.000000
1641929384449948509 145.284776 0.000000
1641929384666981578 145.144073 0.000000
1641929384705121096 177.021050 0.000000
1641929384813363870 144.890626 0.000000
1641929384971314591 177.281547 0.000000
1641929385030135691 145.351472 0.000000
1641929385104682298 144.711110 0.000000
1641929385237184092 177.042895 0.000000
1641929385468301773 144.854108 0.000000
1641929385539995401 144.767595 0.000000
1641929385541214867 144.895837 0.000000
1641929385613289452 144.986186 0.000000
1641929385686256219 144.677830 0.000000
1641929385720887410 144.713395 0.000000
1641929385828535790 145.087444 0.000000
1641929385828996824 144.859477 0.000000
1641929385830331166 144.889484 0.000000
1641929385830853315 144.892740 0.000000
1641929385831433202 144.953153 0.000000
1641929386083488665 145.139163 0.000000
1641929386119455779 145.370385 0.000000
1641929386267093448 144.701956 0.000000
1641929386267894199 144.972151 0.000000
1641929386483314063 144.796461 0.000000
1641929386630485116 144.611705 0.000000
1641929386747085179 177.188315 0.000000
1641929386773458830 144.876210 0.000000
1641929386775844382 144.938718 0.000000
1641929386776430581 145.003780 0.000000
1641929386956288166 145.016531 0.000000
1641929387210637461 144.886891 0.000000
1641929387211051367 145.162818 0.000000
1641929387285248469 145.006173 0.000000
1641929387356612833 144.952454 0.000000
1641929387544993939 177.003708 0.000000
1641929387572830113 145.154603 0.000000
1641929387574466690 144.691524 0.000000
1641929387574663299 144.831618 0.000000
1641929387682136951 144.992788 0.000000
1641929387791247494 144.830203 0.000000
1641929387864195717 144.922659 0.000000
1641929387973785528 145.464073 0.000000
1641929388083878642 144.871832 0.000000
1641929388264509790 145.203735 0.000000
1641929388300463219 144.838679 0.000000
1641929388374411807 145.263126 0.000000
1641929388375255288 145.058161 0.000000
1641929388591954981 145.173798 0.000000
1641929388664521187 144.729637 0.000000
1641929388739062934 145.130436 0.000000
1641929389102970761 144.639036 0.000000
1641929389137241846 145.097354 0.000000
1641929389282048658 145.196733 0.000000
1641929389318717567 144.776081 0.000000
1641929389321074816 144.616312 0.000000
1641929389537290293 144.677740 0.000000
1641929389538724581 144.722873 0.000000
1641929389683586785 144.861252 0.000000
1641929389754813440 145.073590 0.000000
1641929389756846772 144.915484 0.000000
1641929389791551420 144.912148 0.000000
1641929389901984111 144.713104 0.000000
1641929389975473046 144.804225 0.000000
1641929390046268302 144.887091 0.000000
1641929390047359157 145.374054 0.000000
1641929390190723934 144.991336 0.000000
1641929390191164250 144.893514 0.000000
1641929390339467124 145.084611 0.000000
1641929390409748656 145.544534 0.000000
1641929390482455475 145.020771 0.000000
1641929390483668148 145.090713 0.000000
1641929390556567287 145.319020 0.000000
1641929390772694127 144.873717 0.000000
1641929390917876230 145.180691 0.000000
1641929390920355598 144.930902 0.000000
1641929390990205072 144.792304 0.000000
1641929391026512805 145.215807 0.000000
1641929391062737371 144.859207 0.000000
1641929391100325447 144.669693 0.000000
1641929391171552199 145.037642 0.000000
1641929391208768568 145.430721 0.000000
1641929391209926269 144.500328 0.000000
1641929391245527729 145.259970 0.000000
1641929391283454798 144.891909 0.000000
1641929391356289367 145.446720 0.000000
1641929391427438002 145.171371 0.000000
1641929391428262437 144.664391 0.000000
1641929391624448518 177.270249 0.000000
1641929391716646285 145.115177 0.000000
1641929391717092632 145.077076 0.000000
1641929391863288857 145.088108 0.000000
1641929391936514749 144.957141 0.000000
1641929392154876298 144.879115 0.000000
1641929392155082735 144.646640 0.000000
1641929392226889346 145.579910 0.000000
1641929392262887730 144.877041 0.000000
1641929392445000204 144.958935 0.000000
1641929392480252450 144.777888 0.000000
1641929392517387896 144.675053 0.000000
1641929392590789547 144.833671 0.000000
1641929392698069398 145.400022 0.000000
1641929392771073364 144.966340 0.000000
1641929393171510909 145.116551 0.000000
1641929393171564660 144.899324 0.000000
1641929393243519350 145.064584 0.000000
1641929393245404193 144.594243 0.000000
1641929393389576984 145.108315 0.000000
1641929393570629091 144.659553 0.000000
1641929393664552001 177.283552 0.000000
1641929393680763032 145.156786 0.000000
1641929393681481228 144.931232 0.000000
1641929393752280802 145.065725 0.000000
1641929393825893428 144.962642 0.000000
1641929393826996155 144.857705 0.000000
1641929393898659740 144.788637 0.000000
1641929393972330775 145.110410 0.000000
1641929394118077628 145.370047 0.000000
1641929394118124677 145.353997 0.000000
1641929394190123369 144.688007 0.000000
1641929394263063425 144.983392 0.000000
1641929394334901114 144.931954 0.000000
1641929394370770827 145.379233 0.000000
1641929394626419685 145.206709 0.000000
1641929394661449554 145.057610 0.000000
1641929394879207670 145.070573 0.000000
1641929394917052057 145.043184 0.000000
1641929394917404557 144.615291 0.000000
1641929395061062535 144.936584 0.000000
1641929395062219033 144.788988 0.000000
1641929395136122594 146.029735 0.000000
1641929395136757424 146.113252 0.000000
1641929395207020914 144.784799 0.000000
1641929395207594078 144.947965 0.000000
1641929395281587517 144.745955 0.000000
1641929395348910173 176.848847 0.000000
1641929395353096080 144.663570 0.000000
1641929395427071077 144.988132 0.000000
1641929395571022734 145.111180 0.000000
1641929395861954785 144.718363 0.000000
1641929395969333962 177.058871 0.000000
1641929396007392309 144.649847 0.000000
1641929396042357968 144.881812 0.000000
1641929396079166069 144.952744 0.000000
1641929396151589637 145.097515 0.000000
1641929396187720299 145.360007 0.000000
1641929396587281470 144.769549 0.000000
1641929396589020300 144.828410 0.000000
1641929396661549046 144.742009 0.000000
1641929396954105303 144.777004 0.000000
1641929397024263583 145.210647 0.000000
1641929397097862986 144.735546 0.000000
1641929397169163197 144.897751 0.000000
1641929397531096361 145.125658 0.000000
1641929397605260662 144.599523 0.000000
1641929397607647717 144.697566 0.000000
1641929397749152127 145.414139 0.000000
1641929397750082992 144.869688 0.000000
1641929397751884750 144.727903 0.000000
1641929397967058693 145.060425 0.000000
1641929397970664112 144.783056 0.000000
1641929398039931362 145.135315 0.000000
1641929398043655624 144.649886 0.000000
1641929398098239258 176.958302 0.000000
1641929398185365739 144.992348 0.000000
1641929398187931028 144.702124 0.000000
1641929398260977094 144.927347 0.000000
1641929398330276044 144.907060 0.000000
1641929398477811720 145.212240 0.000000
1641929398622457007 144.971398 0.000000
1641929398624804187 145.365697 0.000000
1641929398730545293 144.955639 0.000000
1641929398765832895 144.842296 0.000000
1641929398839894143 144.747259 0.000000
1641929398841400768 144.668793 0.000000
1641929398842229611 144.746448 0.000000
1641929398875668457 144.858438 0.000000
1641929398914774617 144.670174 0.000000
1641929398947961570 144.958484 0.000000
1641929399057230340 144.902319 0.000000
1641929399058060086 144.818303 0.000000
1641929399161792686 177.217159 0.000000
1641929399201644010 145.113723 0.000000
1641929399203281961 144.756092 0.000000
1641929399275278471 144.955431 0.000000
1641929399275417812 144.638977 0.000000
1641929399347211189 145.071439 0.000000
1641929399420328938 144.908892 0.000000
1641929399422663985 145.139684 0.000000
1641929399529245386 145.165814 0.000000
1641929399713108964 144.878946 0.000000
1641929399857827960 144.671276 0.000000
1641929399858729259 144.843108 0.000000
1641929400073637582 145.004728 0.000000
1641929400146824994 144.888916 0.000000
1641929400221747818 144.848511 0.000000
1641929400364306453 144.942253 0.000000
1641929400584637113 144.844822 0.000000
1641929400620053145 145.374824 0.000000
1641929400729687210 145.048484 0.000000
1641929400800560221 145.113146 0.000000
1641929400873983724 144.802031 0.000000
1641929400910443149 144.824771 0.000000
1641929400982326507 144.940771 0.000000
1641929401021080615 144.671054 0.000000
1641929401164771585 145.012568 0.000000
1641929401165657877 144.732373 0.000000
1641929401201864642 177.265941 0.000000
1641929401278929951 151.182262 0.000000
1641929401278976077 150.828168 0.000000
1641929401316066348 151.262392 0.000000
1641929401316295648 151.368831 0.000000
1641929401463385407 146.217935 0.000000
1641929401570233178 145.120497 0.000000
1641929401570394040 144.755413 0.000000
1641929401608864568 144.640860 0.000000
1641929401680514784 144.785388 0.000000
1641929401734814459 176.930791 0.000000
1641929401970552662 144.929180 0.000000
1641929402116822004 145.056418 0.000000
1641929402266561061 176.928577 0.000000
1641929402334371470 145.044315 0.000000
1641929402336279457 144.876931 0.000000
1641929402369593118 145.251023 0.000000
1641929402478871305 145.043223 0.000000
1641929402479384477 145.008288 0.000000
1641929402479708615 145.029488 0.000000
1641929402624484928 144.643704 0.000000
1641929402625347325 144.539830 0.000000
1641929402662016875 144.821346 0.000000
1641929402842000279 144.966278 0.000000
1641929402842352289 144.947643 0.000000
1641929402987391186 145.413389 0.000000
1641929403060134814 144.778607 0.000000
1641929403386795182 144.846015 0.000000
1641929403423436172 144.761375 0.000000
1641929403498859784 145.151316 0.000000
1641929403569469832 144.728073 0.000000
1641929403570123327 144.763820 0.000000
1641929403604876387 145.226959 0.000000
1641929403640794430 144.977250 0.000000
1641929403789146586 144.910745 0.000000
1641929404006612015 144.787945 0.000000
1641929404078243849 145.174540 0.000000
1641929404078813246 145.507193 0.000000
1641929404128293393 176.894183 0.000000
1641929404512867060 144.947695 0.000000
1641929404515403735 144.679912 0.000000
1641929404588347528 144.621062 0.000000
1641929404658004239 145.134965 0.000000
1641929404732689937 144.631382 0.000000
1641929404733866653 144.942745 0.000000
1641929404767514831 144.739103 0.000000
1641929404803333849 144.893723 0.000000
1641929404840022628 144.780592 0.000000
1641929404878065665 144.741589 0.000000
1641929405024120604 145.009100 0.000000
1641929405059425178 144.863126 0.000000
1641929405096193185 145.127973 0.000000
1641929405312530639 144.762247 0.000000
1641929405494452125 145.743597 0.000000
1641929405547653349 177.020940 0.000000
1641929405749811271 144.746227 0.000000
1641929405813452306 177.140214 0.000000
1641929405930340989 144.956060 0.000000
1641929406113008925 144.896218 0.000000
1641929406113360735 145.023276 0.000000
1641929406186141913 144.836546 0.000000
1641929406256503426 145.110701 0.000000
1641929406366301106 145.163318 0.000000
1641929406402807381 144.705829 0.000000
1641929406474267683 144.812860 0.000000
1641929406475039029 144.979412 0.000000
1641929406765399570 145.306869 0.000000
1641929406767389631 145.243129 0.000000
1641929406839985692 144.838220 0.000000
1641929406874215350 145.140505 0.000000
1641929406985612389 144.912288 0.000000
1641929407128520761 145.128574 0.000000
1641929407128899121 144.728445 0.000000
1641929407419361482 145.331585 0.000000
1641929407456178820 145.399261 0.000000
1641929407565601418 144.761254 0.000000
1641929407746916278 144.801390 0.000000
1641929407783148350 145.529545 0.000000
1641929407856583963 145.171151 0.000000
1641929408001480985 145.342818 0.000000
1641929408002907719 145.356963 0.000000
1641929408109887057 145.058101 0.000000
1641929408366656968 144.721743 0.000000
1641929408367526487 145.382742 0.000000
1641929408438743253 144.771615 0.000000
1641929408509225972 144.870609 0.000000
1641929408583780936 144.630360 0.000000
1641929408763913838 145.473659 0.000000
1641929408800209731 145.146287 0.000000
1641929408801863111 144.637172 0.000000
1641929409090786156 144.842146 0.000000
1641929409126821219 144.819074 0.000000
1641929409383121369 144.737881 0.000000
1641929409453850090 145.558179 0.000000
1641929409489864323 144.686265 0.000000
1641929409536684064 177.222148 0.000000
1641929409598624349 145.122211 0.000000
1641929409635730588 145.032592 0.000000
1641929409744852342 145.578126 0.000000
1641929409926832561 145.729461 0.000000
1641929409962764640 145.463833 0.000000
1641929410037934105 144.690352 0.000000
1641929410071803107 144.996636 0.000000
1641929410157295956 177.008306 0.000000
1641929410254976231 144.716371 0.000000
1641929410362383320 144.984233 0.000000
1641929410546724813 144.992489 0.000000
1641929410616423182 144.977540 0.000000
1641929410618824113 145.241265 0.000000
1641929410690407096 145.006795 0.000000
1641929410691358770 144.633566 0.000000
1641929410691895656 144.717553 0.000000
1641929410836730909 144.834792 0.000000
1641929411054058740 144.617455 0.000000
1641929411089514997 145.177836 0.000000
1641929411345179666 145.048212 0.000000
1641929411417517503 145.050197 0.000000
1641929411452392241 145.023407 0.000000
1641929411489939518 144.759261 0.000000
1641929411525131480 144.903544 0.000000
1641929411634630912 145.188656 0.000000
1641929411635520630 144.920995 0.000000
1641929411708244371 145.070294 0.000000
1641929411780885807 144.836516 0.000000
1641929411815051786 145.124355 0.000000
1641929411815293208 144.767918 0.000000
1641929411926537070 144.702775 0.000000
1641929411930844806 176.937744 0.000000
1641929412142176343 145.184066 0.000000
1641929412178872176 144.894274 0.000000
1641929412289240728 145.374396 0.000000
1641929412324611515 145.068050 0.000000
1641929412434870611 144.885077 0.000000
1641929412435289045 144.920192 0.000000
1641929412505817481 145.283594 0.000000
1641929412507793014 144.924100 0.000000
1641929412728651373 176.916053 0.000000
1641929412796728151 145.270167 0.000000
1641929412870213331 144.972021 0.000000
1641929413160294217 145.146277 0.000000
1641929413525605523 176.909721 0.000000
1641929413816724656 145.126209 0.000000
1641929413816961229 144.995444 0.000000
1641929413960880356 144.819034 0.000000
1641929413968711195 177.136506 0.000000
1641929414033156026 144.682709 0.000000
1641929414034788707 145.368535 0.000000
1641929414105091719 144.672147 0.000000
1641929414249910181 144.817730 0.000000
1641929414467526542 144.975196 0.000000
1641929414467901255 145.259268 0.000000
1641929414687687643 144.769258 0.000000
1641929414831331704 145.342494 0.000000
1641929414906395473 144.913520 0.000000
1641929414941225897 145.234442 0.000000
1641929414978563331 145.086515 0.000000
1641929415086314595 145.086123 0.000000
1641929415123842607 144.839591 0.000000
1641929415196814673 145.023156 0.000000
1641929415298146183 177.022433 0.000000
1641929415341640309 144.924882 0.000000
1641929415412592127 144.799456 0.000000
1641929415557916328 145.342094 0.000000
1641929415558940959 144.941704 0.000000
1641929415741294696 144.916686 0.000000
1641929415813939889 144.942545 0.000000
1641929415921569766 144.864057 0.000000
1641929415923000368 144.996816 0.000000
1641929415923030815 144.990915 0.000000
1641929416031448258 144.853818 0.000000
1641929416212428780 144.882411 0.000000
1641929416213511410 145.167576 0.000000
1641929416273061235 176.920964 0.000000
1641929416357564307 145.017606 0.000000
1641929416358779956 144.852697 0.000000
1641929416575061977 144.846886 0.000000
1641929416722697119 144.663001 0.000000
1641929416865222612 144.935822 0.000000
1641929416975549394 144.852826 0.000000
1641929417120656738 144.879005 0.000000
1641929417231275849 145.081225 0.000000
1641929417446614851 145.107513 0.000000
1641929417447530157 144.959496 0.000000
1641929417556107210 145.090231 0.000000
1641929417593345477 145.224793 0.000000
1641929417594615828 144.564586 0.000000
1641929417701362681 145.254240 0.000000
1641929417738393771 144.701213 0.000000
1641929417739508401 144.984565 0.000000
1641929417810185995 145.163369 0.000000
1641929418029255531 145.046330 0.000000
1641929418046132480 177.106731 0.000000
1641929418102972824 144.963173 0.000000
1641929418282922715 145.218602 0.000000
1641929418318712107 144.899665 0.000000
1641929418319994381 145.047232 0.000000
1641929418539269893 144.762467 0.000000
1641929418573725274 145.047020 0.000000
1641929418610156479 145.127191 0.000000
1641929418683180452 144.735016 0.000000
1641929418754645805 145.140676 0.000000
1641929418844296307 177.285586 0.000000
1641929419337884916 145.105260 0.000000
1641929419338042131 144.861353 0.000000
1641929419338486003 144.632163 0.000000
1641929419373314453 144.987458 0.000000
1641929419555026958 145.136317 0.000000
1641929419641692154 177.204854 0.000000
1641929419700965810 144.964285 0.000000
1641929419736245808 144.907158 0.000000
1641929419990973329 144.812500 0.000000
1641929419992214957 144.569505 0.000000
1641929420136962396 145.282242 0.000000
1641929420210797710 144.764100 0.000000
1641929420212194989 145.188515 0.000000
1641929420354964450 144.756766 0.000000
1641929420355726579 144.874857 0.000000
1641929420357632402 144.681666 0.000000
1641929420609397580 145.111471 0.000000
1641929421300050804 145.150495 0.000000
1641929421300157594 144.863737 0.000000
1641929421336250445 144.874126 0.000000
1641929421517824130 144.864649 0.000000
1641929421665181380 144.550218 0.000000
1641929421811226062 144.653875 0.000000
1641929421882445131 145.289715 0.000000
1641929422029690704 145.060236 0.000000
1641929422173051132 144.819042 0.000000
1641929422391598920 144.839833 0.000000
1641929422463217398 145.110128 0.000000
1641929422479100454 177.160331 0.000000
1641929422572259362 145.169188 0.000000
1641929422863566617 144.936612 0.000000
1641929422972245432 145.323470 0.000000
1641929422972957547 144.749443 0.000000
1641929422973479976 144.923670 0.000000
1641929423044657026 145.288775 0.000000
1641929423118564567 144.621453 0.000000
1641929423190620424 144.974383 0.000000
1641929423265210775 144.688709 0.000000
1641929423336185205 144.791571 0.000000
1641929423407658391 145.209193 0.000000
1641929423555731945 144.905927 0.000000
1641929423627001921 144.860510 0.000000
1641929423720139952 177.023224 0.000000
1641929423880233097 144.848588 0.000000
1641929424135663607 144.681456 0.000000
1641929424206942540 145.115190 0.000000
1641929424316310574 144.874486 0.000000
1641929424388841594 144.914202 0.000000
1641929424426069403 144.924481 0.000000
1641929424428235343 145.250813 0.000000
1641929424518349485 177.335329 0.000000
1641929424752082659 145.055576 0.000000
1641929424790055774 144.732221 0.000000
1641929424824870770 144.939789 0.000000
1641929424862872839 144.692725 0.000000
1641929425080987967 145.003790 0.000000
1641929425081453810 144.767086 0.000000
1641929425224573598 145.094028 0.000000
1641929425297294042 144.853778 0.000000
1641929425370928059 144.807791 0.000000
1641929425551585166 144.743423 0.000000
1641929425582912463 177.323168 0.000000
1641929425588299081 144.815086 0.000000
1641929425588696206 144.750205 0.000000
1641929425877935254 145.008058 0.000000
1641929426023140911 145.203072 0.000000
1641929426024099248 144.763739 0.000000
1641929426059798792 144.884426 0.000000
1641929426114534059 176.876538 0.000000
1641929426206124017 144.974032 0.000000
1641929426241281736 145.119686 0.000000
1641929426242822094 144.694029 0.000000
1641929426316380829 144.769790 0.000000
1641929426389968700 144.624609 0.000000
1641929426532902408 144.984493 0.000000
1641929426533478849 144.704648 0.000000
1641929426678762143 144.981719 0.000000
1641929426713381311 145.088008 0.000000
1641929426751513916 144.726780 0.000000
1641929426822440837 145.165141 0.000000
1641929426898293724 144.984973 0.000000
1641929427113308970 145.159761 0.000000
1641929427114851882 144.623726 0.000000
1641929427186157745 145.061408 0.000000
1641929427295763306 144.895749 0.000000
1641929427403783624 145.106261 0.000000
1641929427404619301 145.369544 0.000000
1641929427585557964 145.195009 0.000000
1641929427770440082 144.787504 0.000000
1641929427915535704 144.485147 0.000000
1641929427949378046 144.957893 0.000000
1641929427984988172 144.720979 0.000000
1641929428059365070 144.766363 0.000000
1641929428130634995 145.200617 0.000000
1641929428133468888 144.783305 0.000000
1641929428312887043 145.740109 0.000000
1641929428351040426 144.793635 0.000000
1641929428421344461 145.082107 0.000000
1641929428496700135 144.556351 0.000000
1641929428785390314 145.164821 0.000000
1641929428821969086 144.842970 0.000000
1641929428932787771 145.484340 0.000000
1641929429003351292 144.908751 0.000000
1641929429005744488 144.935010 0.000000
1641929429076716344 144.833659 0.000000
1641929429217712269 176.890484 0.000000
1641929429222553185 144.733332 0.000000
1641929429223459454 145.212000 0.000000
