1641929297190952652 144.924331 0.000000
1641929297226741483 145.181403 0.000000
1641929297373746293 144.948685 0.000000
1641929297445876262 144.759562 0.000000
1641929297447127708 144.735296 0.000000
1641929297519796015 144.779260 0.000000
1641929297626574336 145.165092 0.000000
1641929297737152510 144.890848 0.000000
1641929297866396116 145.407096 0.000000
1641929297883569219 145.002327 0.000000
1641929298084609617 145.284285 0.000000
1641929298261513689 145.179309 0.000000
1641929298426152447 145.029448 0.000000
1641929298464433671 144.948346 0.000000
1641929298500237170 145.329440 0.000000
1641929298535154307 144.910294 0.000000
1641929298608415876 144.931965 0.000000
1641929298753220863 145.262004 0.000000
1641929298843334855 145.198195 0.000000
1641929298899879265 144.791572 0.000000
1641929298934925234 145.024829 0.000000
1641929299044317034 145.130819 0.000000
1641929299264007685 145.065976 0.000000
1641929299298292617 145.107123 0.000000
1641929299320812404 145.124757 0.000000
1641929299497794131 144.884998 0.000000
1641929299554449159 145.278595 0.000000
1641929299699461034 145.009511 0.000000
1641929299879885284 144.985947 0.000000
1641929299952474463 144.923019 0.000000
1641929299953653012 144.902901 0.000000
1641929299991049478 145.073722 0.000000
1641929300024912749 145.024589 0.000000
1641929300061611235 144.765813 0.000000
1641929300353738118 144.997648 0.000000
1641929300588454597 145.007958 0.000000
1641929300816016745 177.281660 0.000000
1641929301007080470 144.942345 0.000000
1641929301007919363 144.738382 0.000000
1641929301116177528 145.058523 0.000000
1641929301299140518 144.715109 0.000000
1641929301372518134 145.002597 0.000000
1641929301429948867 145.134385 0.000000
1641929301437424360 177.527801 0.000000
1641929301516151776 145.026683 0.000000
1641929301604880321 144.822450 0.000000
1641929301624882106 145.050728 0.000000
1641929301734146578 145.010072 0.000000
1641929301879663138 145.067418 0.000000
1641929302133684488 145.180061 0.000000
1641929302172148474 144.754944 0.000000
1641929302186272592 145.061117 0.000000
1641929302244549841 144.720619 0.000000
1641929302535046157 144.699068 0.000000
1641929302607100212 144.626733 0.000000
1641929302642254684 145.084772 0.000000
1641929302824382439 144.806119 0.000000
1641929302945179530 176.855030 0.000000
1641929303042501123 144.879468 0.000000
1641929303059108506 145.062070 0.000000
1641929303116084285 144.934852 0.000000
1641929303151372267 145.396656 0.000000
1641929303189333831 144.820356 0.000000
1641929303223718851 145.093879 0.000000
1641929303332713446 145.023087 0.000000
1641929303406970261 144.660417 0.000000
1641929303441344981 144.885186 0.000000
1641929303696702364 145.085853 0.000000
1641929303770568718 144.953315 0.000000
1641929303770771488 145.041150 0.000000
1641929303785900590 145.122633 0.000000
1641929303804954789 145.255712 0.000000
1641929303930975433 145.073631 0.000000
1641929304010235637 177.417093 0.000000
1641929304350869914 145.337425 0.000000
1641929304498004799 145.190961 0.000000
1641929304585233331 145.478420 0.000000
1641929304631209931 177.038714 0.000000
1641929304641496794 145.097574 0.000000
1641929304643823837 145.562457 0.000000
1641929304677730971 145.392147 0.000000
1641929304677755457 145.393861 0.000000
1641929304714171344 144.772857 0.000000
1641929304730430494 145.195990 0.000000
1641929304948679603 145.348397 0.000000
1641929305066710658 145.216488 0.000000
1641929305078551636 144.697876 0.000000
1641929305368172030 144.782155 0.000000
1641929305369971563 145.453022 0.000000
1641929305586379871 145.444356 0.000000
1641929305675518394 145.051580 0.000000
1641929305841026743 145.828858 0.000000
1641929305949409902 144.944880 0.000000
1641929306058911969 145.101744 0.000000
1641929306277589110 145.237097 0.000000
1641929306386716665 145.032524 0.000000
1641929306459709379 144.986526 0.000000
1641929306837727999 145.142730 0.000000
1641929307042277385 144.704648 0.000000
1641929307113701921 144.729006 0.000000
1641929307116101049 176.902429 0.000000
1641929307695794456 144.930423 0.000000
1641929307914712668 144.647161 0.000000
1641929308002966152 177.148280 0.000000
1641929308021049351 145.010442 0.000000
1641929308204552764 145.055186 0.000000
1641929308238935019 145.235735 0.000000
1641929308275837598 145.071196 0.000000
1641929308357853788 177.362520 0.000000
1641929308412057100 145.012967 0.000000
1641929308422746870 144.629378 0.000000
1641929308494823417 145.030591 0.000000
1641929308639683538 144.858448 0.000000
1641929308654534919 145.044005 0.000000
1641929308712772944 144.755775 0.000000
1641929308894522118 144.836307 0.000000
1641929309076521643 144.866423 0.000000
1641929309111402081 145.317158 0.000000
1641929309222849124 145.406004 0.000000
1641929309293507302 144.813102 0.000000
1641929309584993985 144.956771 0.000000
1641929309817578076 145.490601 0.000000
1641929309838811261 144.959967 0.000000
1641929309867439709 145.139554 0.000000
1641929309947788384 144.976408 0.000000
1641929310108139545 145.036190 0.000000
1641929310239850235 145.015893 0.000000
1641929310544410025 145.200459 0.000000
1641929310820896218 144.760204 0.000000
1641929310893180986 145.069834 0.000000
1641929310893743650 144.879667 0.000000
1641929310907818876 145.124275 0.000000
1641929310928210452 145.239831 0.000000
1641929311001464538 145.104949 0.000000
1641929311184129178 144.762938 0.000000
1641929311196801825 177.165081 0.000000
1641929311291872699 145.039817 0.000000
1641929311401327838 144.881030 0.000000
1641929311473403214 144.815878 0.000000
1641929311475967841 144.754903 0.000000
1641929311546072783 144.743923 0.000000
1641929311707621588 145.143462 0.000000
1641929311800201713 145.078109 0.000000
1641929311982366306 144.840284 0.000000
1641929312018013081 145.129816 0.000000
1641929312272496446 145.169761 0.000000
1641929312289056630 145.093578 0.000000
1641929312599163549 145.086745 0.000000
1641929312599177425 145.077057 0.000000
1641929313000019820 144.743172 0.000000
1641929313034994415 145.036260 0.000000
1641929313060987933 177.084518 0.000000
1641929313071354176 145.099039 0.000000
1641929313218391088 144.602368 0.000000
1641929313290568565 145.563950 0.000000
1641929313470589858 145.064602 0.000000
1641929313504153650 177.045857 0.000000
1641929313507148765 145.088409 0.000000
1641929313726065315 144.768990 0.000000
1641929313726553189 144.846174 0.000000
1641929313727056603 144.579495 0.000000
1641929313944939994 144.839521 0.000000
1641929314033782383 145.188726 0.000000
1641929314125356100 177.054424 0.000000
1641929314162600230 144.716872 0.000000
1641929314379560332 144.984563 0.000000
1641929314525375603 144.885868 0.000000
1641929314527144970 144.743121 0.000000
1641929314760160111 144.946463 0.000000
1641929314924767991 145.371099 0.000000
1641929314978242456 145.199376 0.000000
1641929315034023967 145.129175 0.000000
1641929315108644303 144.888013 0.000000
1641929315143461473 144.830686 0.000000
1641929315179996743 145.305716 0.000000
1641929315397687976 145.169902 0.000000
1641929315472604488 145.194218 0.000000
1641929315506425950 145.186372 0.000000
1641929315632021105 145.111702 0.000000
1641929315762743654 144.678009 0.000000
1641929315811898461 177.544061 0.000000
1641929315834262646 144.768037 0.000000
1641929315835740797 144.885087 0.000000
1641929315995415550 145.158430 0.000000
1641929316160350051 145.009979 0.000000
1641929316269995489 144.882914 0.000000
1641929316414873723 144.877353 0.000000
1641929316504305245 145.204085 0.000000
1641929316562003008 144.885609 0.000000
1641929316562341753 144.702365 0.000000
1641929316778047483 145.038576 0.000000
1641929316867480268 145.055878 0.000000
1641929316925858165 144.837458 0.000000
1641929316959231408 144.843810 0.000000
1641929317032026483 145.017366 0.000000
1641929317141400309 144.995203 0.000000
1641929317143002542 177.098215 0.000000
1641929317144055396 145.311456 0.000000
1641929317177095043 144.729625 0.000000
1641929317360258489 145.115379 0.000000
1641929317396883537 144.883163 0.000000
1641929317522042726 145.184248 0.000000
1641929317649620289 145.067390 0.000000
1641929317652874529 144.589273 0.000000
1641929317723923050 144.826037 0.000000
1641929317812339539 144.978282 0.000000
1641929317867370913 145.219655 0.000000
1641929317942764538 144.746908 0.000000
1641929318013995000 144.900546 0.000000
1641929318303315120 144.971830 0.000000
1641929318378472082 144.719155 0.000000
1641929318412524469 145.302149 0.000000
1641929318523592151 144.716933 0.000000
1641929318523936186 144.834163 0.000000
1641929318668880525 144.835866 0.000000
1641929318683881887 145.147329 0.000000
1641929318901660513 145.020992 0.000000
1641929318974431603 145.089891 0.000000
1641929319031550520 144.856574 0.000000
1641929319066346470 144.949639 0.000000
1641929319104847556 144.572712 0.000000
1641929319119638353 145.206139 0.000000
1641929319177272306 144.929211 0.000000
1641929319357768391 144.868325 0.000000
1641929319360752535 177.023024 0.000000
1641929319467433013 144.848910 0.000000
1641929319612472029 145.037533 0.000000
1641929319793199087 145.167737 0.000000
1641929319938416788 144.997017 0.000000
1641929319977115144 144.748542 0.000000
1641929320136525481 144.821779 0.000000
1641929320158681685 177.180088 0.000000
1641929320301931788 145.226839 0.000000
1641929320413435617 144.726600 0.000000
1641929320484002205 144.714478 0.000000
1641929320630606835 144.805579 0.000000
1641929320631376699 144.817020 0.000000
1641929320701793494 144.992789 0.000000
1641929320703424281 144.935572 0.000000
1641929320779798907 176.965927 0.000000
1641929320936089595 145.075524 0.000000
1641929320956918682 145.154853 0.000000
1641929321101204016 145.047112 0.000000
1641929321285274532 144.893583 0.000000
1641929321466094334 144.747379 0.000000
1641929321590485312 145.319091 0.000000
1641929321735454788 144.968785 0.000000
1641929321901023038 145.138311 0.000000
1641929321938727811 144.793645 0.000000
1641929321973389339 144.872474 0.000000
1641929322026169293 145.202232 0.000000
1641929322082680982 144.957463 0.000000
1641929322084445279 145.041401 0.000000
1641929322301214554 145.283014 0.000000
1641929322591088924 145.117463 0.000000
1641929322592143521 144.694931 0.000000
1641929322666160956 144.771926 0.000000
1641929322752715675 145.177054 0.000000
1641929322883773712 144.608670 0.000000
1641929322918001957 145.029599 0.000000
1641929323043438225 145.170853 0.000000
1641929323135353423 144.911386 0.000000
1641929323137049302 144.700992 0.000000
1641929323175052665 144.658242 0.000000
1641929323244543656 145.033045 0.000000
1641929323317651527 145.006044 0.000000
1641929323353219674 145.076717 0.000000
1641929323552279500 145.188236 0.000000
1641929323624695574 144.953556 0.000000
1641929323683157088 144.781934 0.000000
1641929323697326481 145.046270 0.000000
1641929323716784837 144.678190 0.000000
1641929324205909090 144.867274 0.000000
1641929324443340057 145.226857 0.000000
1641929324443360055 145.214965 0.000000
1641929324443483877 145.155284 0.000000
1641929324482604164 144.677318 0.000000
1641929324552440432 144.779500 0.000000
1641929324553768561 144.860381 0.000000
1641929324787540680 144.849781 0.000000
1641929324917760686 144.978914 0.000000
1641929325077616697 144.865520 0.000000
1641929325097098660 145.081967 0.000000
1641929325135275548 144.807512 0.000000
1641929325208416821 144.688899 0.000000
1641929325208782757 144.984584 0.000000
1641929325217086613 177.091463 0.000000
1641929325388202785 145.707178 0.000000
1641929325388664691 145.096403 0.000000
1641929325425151941 145.136779 0.000000
1641929325497191740 145.170352 0.000000
1641929325513132332 145.252605 0.000000
1641929325571649391 145.067820 0.000000
1641929325678844393 145.105130 0.000000
1641929325716429772 144.780030 0.000000
1641929325788339527 144.989874 0.000000
1641929325824287807 145.125918 0.000000
1641929326008177675 144.907190 0.000000
1641929326042284263 145.265732 0.000000
1641929326078935220 145.177366 0.000000
1641929326093770751 144.799557 0.000000
1641929326152552345 144.829955 0.000000
1641929326260906690 144.862706 0.000000
1641929326405564040 145.098096 0.000000
1641929326696478991 144.939228 0.000000
1641929326820549239 145.272524 0.000000
1641929326951958884 144.768729 0.000000
1641929327023307327 144.884596 0.000000
1641929327096750486 144.834843 0.000000
1641929327097928625 145.261223 0.000000
1641929327242749722 144.820616 0.000000
1641929327243990869 144.783447 0.000000
1641929327495124995 145.029559 0.000000
1641929327751271548 144.601576 0.000000
1641929327765605178 145.223391 0.000000
1641929327931901163 144.938759 0.000000
1641929328041116152 144.782346 0.000000
1641929328041953893 144.726592 0.000000
1641929328149405576 145.041160 0.000000
1641929328406178362 144.616965 0.000000
1641929328731345864 145.420692 0.000000
1641929329204767980 145.129455 0.000000
1641929329277064811 145.068752 0.000000
1641929329279471392 144.894475 0.000000
1641929329312999916 145.246204 0.000000
1641929329642732966 144.923529 0.000000
1641929329861081341 144.755976 0.000000
1641929330092199725 144.960299 0.000000
1641929330151133004 144.983742 0.000000
1641929330187045787 177.025929 0.000000
1641929330514038170 145.206870 0.000000
1641929330621863023 145.162247 0.000000
1641929330630362045 177.082025 0.000000
1641929330731418248 144.681455 0.000000
1641929330878183250 144.916427 0.000000
1641929330949129589 145.194689 0.000000
1641929331021960251 144.817211 0.000000
1641929331024278056 145.010102 0.000000
1641929331058237697 145.194997 0.000000
1641929331059328442 144.962762 0.000000
1641929331073764425 177.386636 0.000000
1641929331095944966 144.991187 0.000000
1641929331167481260 144.923889 0.000000
1641929331169089114 144.808803 0.000000
1641929331312805050 145.303802 0.000000
1641929331401217201 145.337275 0.000000
1641929331459393641 144.592299 0.000000
1641929331459733598 144.824814 0.000000
1641929331494698755 145.015491 0.000000
1641929331567048584 145.270509 0.000000
1641929331603424768 145.150134 0.000000
1641929331676001573 144.925984 0.000000
1641929331749908592 144.924000 0.000000
1641929331750702259 144.967000 0.000000
1641929331784836168 145.112123 0.000000
1641929331784944341 145.098017 0.000000
1641929331821077277 145.074262 0.000000
1641929331857312666 144.721461 0.000000
1641929332041612822 144.803344 0.000000
1641929332220954523 145.337355 0.000000
1641929332293123965 144.864128 0.000000
1641929332330075355 144.816348 0.000000
1641929332331535452 144.618557 0.000000
1641929332438696491 145.038505 0.000000
1641929332491836058 145.182426 0.000000
1641929332511013028 145.050106 0.000000
1641929332550261585 144.859208 0.000000
1641929332582274448 177.244359 0.000000
1641929332621559513 144.812712 0.000000
1641929332622455162 144.725428 0.000000
1641929332709637447 145.049105 0.000000
1641929332840984805 144.835092 0.000000
1641929332874486951 145.214916 0.000000
1641929333058035928 144.813463 0.000000
1641929333201806686 145.030299 0.000000
1641929333237833855 145.031632 0.000000
1641929333348874046 144.815719 0.000000
1641929333456182941 145.097467 0.000000
1641929333557597908 176.978191 0.000000
1641929333566967552 145.010171 0.000000
1641929333601055174 144.868146 0.000000
1641929333638027013 144.686184 0.000000
1641929333639337139 144.822048 0.000000
1641929333912428296 177.317456 0.000000
1641929334001891438 144.598059 0.000000
1641929334075017022 144.650658 0.000000
1641929334235183887 145.001545 0.000000
1641929334292354401 144.723825 0.000000
1641929334307595373 144.853108 0.000000
1641929334355560560 176.984272 0.000000
1641929334437576129 144.731479 0.000000
1641929334473272106 144.993289 0.000000
1641929334510433350 145.271902 0.000000
1641929334743395119 145.066256 0.000000
1641929334801158666 144.855722 0.000000
1641929334873100451 145.021192 0.000000
1641929334981444035 145.122221 0.000000
1641929335017987482 144.883284 0.000000
1641929335164760729 144.814996 0.000000
1641929335178940410 144.814686 0.000000
1641929335323757189 144.813562 0.000000
1641929335453643300 145.070136 0.000000
1641929335455263527 145.201211 0.000000
1641929335672405990 144.630339 0.000000
1641929335759579309 145.168338 0.000000
1641929335818726499 144.679192 0.000000
1641929335891398552 144.737420 0.000000
1641929335963213981 144.946032 0.000000
1641929336071304131 145.268756 0.000000
1641929336110166354 144.766215 0.000000
1641929336253937312 144.952424 0.000000
1641929336254888585 145.207030 0.000000
1641929336254947957 144.779179 0.000000
1641929336472567645 144.833291 0.000000
1641929336472762962 144.713206 0.000000
1641929336573916207 177.386845 0.000000
1641929336725169412 145.051610 0.000000
1641929336870337961 145.166284 0.000000
1641929336908547530 145.049796 0.000000
1641929337089563459 145.449615 0.000000
1641929337198671057 145.021754 0.000000
1641929337307740843 144.850442 0.000000
1641929337378855807 145.097494 0.000000
1641929337431293621 144.975898 0.000000
1641929337523939248 145.081587 0.000000
1641929337561513907 144.894545 0.000000
1641929337562504324 144.718335 0.000000
1641929337649341622 145.326164 0.000000
1641929337669161727 145.221578 0.000000
1641929337781743848 145.546216 0.000000
1641929337998360958 144.782906 0.000000
1641929338085730855 145.208043 0.000000
1641929338215206394 145.052672 0.000000
1641929338362321092 145.549884 0.000000
1641929338506164046 145.189208 0.000000
1641929338507209686 144.887152 0.000000
1641929338614432009 145.052492 0.000000
1641929338759944291 145.172655 0.000000
1641929338943338560 144.827921 0.000000
1641929338978075760 145.242237 0.000000
1641929339017185837 144.909202 0.000000
1641929339050559651 145.063653 0.000000
1641929339123303208 145.075794 0.000000
1641929339306376535 144.930753 0.000000
1641929339341506681 145.074473 0.000000
1641929339523761273 144.932297 0.000000
1641929340034008934 145.011414 0.000000
1641929340034743080 144.889045 0.000000
1641929340141353295 144.728484 0.000000
1641929340178686892 144.692957 0.000000
1641929340194061003 145.134113 0.000000
1641929340250520695 145.096484 0.000000
1641929340325453547 144.696043 0.000000
1641929340656036721 177.404219 0.000000
1641929340688104016 144.637013 0.000000
1641929340759544050 144.766024 0.000000
1641929340760898790 145.646855 0.000000
1641929340776118391 145.066347 0.000000
1641929340906305044 144.778738 0.000000
1641929340979777427 144.932065 0.000000
1641929340993857673 145.095101 0.000000
1641929341051006667 144.736478 0.000000
1641929341052409547 144.787253 0.000000
1641929341211702093 144.925835 0.000000
1641929341268982123 144.946693 0.000000
1641929341284419483 145.078610 0.000000
1641929341342076227 144.816779 0.000000
1641929341632503244 145.709775 0.000000
1641929341720263753 145.086965 0.000000
1641929341778095547 145.077087 0.000000
1641929341778197207 145.111542 0.000000
1641929341898717009 177.158529 0.000000
1641929341958514628 145.070276 0.000000
1641929341960318109 145.107456 0.000000
1641929341996871953 144.893051 0.000000
1641929341997766109 145.155775 0.000000
1641929342213110933 144.898621 0.000000
1641929342360788115 144.707274 0.000000
1641929342396239463 144.791632 0.000000
1641929342576384010 145.136840 0.000000
1641929342650674318 144.619931 0.000000
1641929342685339411 145.082186 0.000000
1641929342831711144 144.791140 0.000000
1641929343028518429 144.914212 0.000000
1641929343028656758 144.841045 0.000000
1641929343085324961 145.024429 0.000000
1641929343158720751 145.003038 0.000000
1641929343173901600 145.242528 0.000000
1641929343194734705 144.751628 0.000000
1641929343304217054 145.009822 0.000000
1641929343407476168 177.377128 0.000000
1641929343449588762 145.554771 0.000000
1641929343451177621 145.650851 0.000000
1641929343451332111 145.814789 0.000000
1641929343596757151 145.079803 0.000000
1641929343703560559 144.785550 0.000000
1641929343739945187 144.947114 0.000000
1641929343755482785 144.997227 0.000000
1641929343812791077 145.381629 0.000000
1641929343973439024 145.213182 0.000000
1641929344066806906 145.284156 0.000000
1641929344248786662 145.050848 0.000000
1641929344249496953 144.709057 0.000000
1641929344250883923 144.729466 0.000000
1641929344263858546 145.039527 0.000000
1641929344394028979 145.240113 0.000000
1641929344541069306 145.007587 0.000000
1641929344686646180 144.554307 0.000000
1641929344759298447 144.806239 0.000000
1641929344759422940 144.745555 0.000000
1641929344832245847 144.947985 0.000000
1641929344918100904 145.037473 0.000000
1641929344940089886 145.312068 0.000000
1641929345048718184 145.523895 0.000000
1641929345085069560 144.978061 0.000000
1641929345195258285 144.909263 0.000000
1641929345195833743 144.828992 0.000000
1641929345267067781 145.517513 0.000000
1641929345413738435 144.904022 0.000000
1641929345559380993 144.850764 0.000000
1641929345593631280 145.119948 0.000000
1641929345703708845 144.921976 0.000000
1641929345705048116 144.846274 0.000000
1641929345717725993 145.038184 0.000000
1641929345848812633 145.102395 0.000000
1641929346212970418 144.853428 0.000000
1641929346226144615 145.139675 0.000000
1641929346248212311 145.031119 0.000000
1641929346432094556 145.461889 0.000000
1641929346466879796 144.881191 0.000000
1641929346540136115 145.004452 0.000000
1641929346575481785 145.092416 0.000000
1641929346589728643 145.453172 0.000000
1641929346611552235 145.081145 0.000000
1641929346650076554 144.922538 0.000000
1641929346734967463 145.236798 0.000000
1641929346958300432 176.990644 0.000000
1641929347120317997 144.914102 0.000000
1641929347157781296 145.131029 0.000000
1641929347194327017 144.864538 0.000000
1641929347224807897 177.577172 0.000000
1641929347229362456 145.098558 0.000000
1641929347316701074 145.237498 0.000000
1641929347377679016 144.672339 0.000000
1641929347450585930 145.103767 0.000000
1641929347483430251 145.055847 0.000000
1641929347680366175 145.218803 0.000000
1641929347811236650 145.343576 0.000000
1641929347898534601 145.329750 0.000000
1641929348174650700 145.247527 0.000000
1641929348175654712 145.105201 0.000000
1641929348319912834 145.259970 0.000000
1641929348395209218 144.642052 0.000000
1641929348428618869 144.926896 0.000000
1641929348467560619 144.769189 0.000000
1641929348720070094 145.093438 0.000000
1641929348733453423 177.145935 0.000000
1641929348830656524 144.941152 0.000000
1641929348831164577 144.676116 0.000000
1641929348864908084 145.218082 0.000000
1641929349047840375 144.700060 0.000000
1641929349121042914 144.993490 0.000000
1641929349265708720 177.124073 0.000000
1641929349519249247 145.342455 0.000000
1641929349557032958 144.917077 0.000000
1641929349557740324 144.909764 0.000000
1641929349701232540 144.832328 0.000000
1641929349775772736 144.812100 0.000000
1641929349955734760 145.247908 0.000000
1641929349993177461 144.835725 0.000000
1641929350139438839 145.102956 0.000000
1641929350210884143 145.184989 0.000000
1641929350211700103 144.929070 0.000000
1641929350282932418 144.916877 0.000000
1641929350284648394 144.893663 0.000000
1641929350319583824 145.056277 0.000000
1641929350430405596 144.950119 0.000000
1641929350443864246 145.183255 0.000000
1641929350503285430 144.866032 0.000000
1641929350574106853 144.678369 0.000000
1641929350589175462 145.308953 0.000000
1641929350648720699 145.076967 0.000000
1641929350685234919 177.238839 0.000000
1641929350794736405 145.523945 0.000000
1641929350807304186 145.279347 0.000000
1641929350807310598 145.111623 0.000000
1641929350900629717 145.072259 0.000000
1641929351012168741 145.098027 0.000000
1641929351119156014 145.268805 0.000000
1641929351128741203 177.193213 0.000000
1641929351157676757 144.776584 0.000000
1641929351229326965 144.710279 0.000000
1641929351664453661 145.032804 0.000000
1641929351700502600 145.122583 0.000000
1641929351738420492 144.804035 0.000000
1641929351811658908 144.813634 0.000000
1641929351845666208 145.102273 0.000000
1641929352029855678 144.953526 0.000000
1641929352209127788 145.124656 0.000000
1641929352320505651 145.059966 0.000000
1641929352609514419 144.766004 0.000000
1641929352645461596 145.313641 0.000000
1641929352683845903 145.040278 0.000000
1641929352698535871 145.279296 0.000000
1641929352790703082 145.070635 0.000000
1641929352900414351 145.317607 0.000000
1641929352902086465 144.939819 0.000000
1641929353483312675 145.164692 0.000000
1641929353556822379 144.593551 0.000000
1641929353590400184 145.267233 0.000000
1641929353700828409 144.857456 0.000000
1641929353774487633 144.664604 0.000000
1641929353919356700 144.867995 0.000000
1641929354027110489 145.458031 0.000000
1641929354065795840 145.322938 0.000000
1641929354244882674 145.224203 0.000000
1641929354283671949 144.790459 0.000000
1641929354369932817 145.142019 0.000000
1641929354500725687 144.848268 0.000000
1641929354501620925 144.756426 0.000000
1641929354574351238 144.681576 0.000000
1641929354646463323 144.883585 0.000000
1641929354680783721 145.059815 0.000000
1641929354863701154 144.664453 0.000000
1641929354879038357 145.081676 0.000000
1641929354898956304 145.277483 0.000000
1641929355097062713 145.105560 0.000000
1641929355155397910 144.884276 0.000000
1641929355262974448 145.016995 0.000000
1641929355300309366 144.810707 0.000000
1641929355315013492 145.093818 0.000000
1641929355407417828 144.802834 0.000000
1641929355698567246 145.423166 0.000000
1641929355698651655 145.454084 0.000000
1641929355843892169 145.238480 0.000000
1641929355844042090 144.667129 0.000000
1641929355896005002 145.044195 0.000000
1641929355989219806 145.049846 0.000000
1641929356134868414 145.103997 0.000000
1641929356173240458 144.804546 0.000000
1641929356207471409 145.075795 0.000000
1641929356279978463 145.108406 0.000000
1641929356317527685 144.723796 0.000000
1641929356391779370 145.335301 0.000000
1641929356462440463 144.911407 0.000000
1641929356497827642 145.105531 0.000000
1641929356607494106 145.051459 0.000000
1641929356681615728 144.703677 0.000000
1641929356716054478 145.209416 0.000000
1641929356753090778 144.615352 0.000000
1641929356899314184 145.005544 0.000000
1641929357045208864 145.055987 0.000000
1641929357077071595 177.176892 0.000000
1641929357277613078 145.272093 0.000000
1641929357336186932 144.624710 0.000000
1641929357480995877 144.819405 0.000000
1641929357589154184 145.069642 0.000000
1641929357713233198 144.838620 0.000000
1641929357734166990 145.010613 0.000000
1641929357807475940 145.205368 0.000000
1641929357930723824 144.866453 0.000000
1641929358148907891 144.747600 0.000000
1641929358170267382 145.138081 0.000000
1641929358221247100 145.144563 0.000000
1641929358280221406 144.930442 0.000000
1641929358571792366 144.881821 0.000000
1641929358643620297 144.952682 0.000000
1641929358717907689 144.859618 0.000000
1641929358729902535 145.078039 0.000000
1641929359081116154 144.719216 0.000000
1641929359152398222 144.736748 0.000000
1641929359298768604 145.204306 0.000000
1641929359299636371 145.157098 0.000000
1641929359369717877 144.749121 0.000000
1641929359587529948 145.245644 0.000000
1641929359914051918 145.221788 0.000000
1641929360038196364 145.083209 0.000000
1641929360170266508 145.118816 0.000000
1641929360182851430 177.049384 0.000000
1641929360242770627 145.091857 0.000000
1641929360255909828 144.928480 0.000000
1641929360316060338 145.058251 0.000000
1641929360423474502 145.521000 0.000000
1641929360678594620 144.836326 0.000000
1641929360714109928 145.228982 0.000000
1641929360824491453 145.140396 0.000000
1641929360824856327 144.739925 0.000000
1641929360909593569 144.884647 0.000000
1641929360970295142 144.749713 0.000000
1641929360982421716 145.112334 0.000000
1641929361042569832 144.980486 0.000000
1641929361043276056 144.766054 0.000000
1641929361150382050 144.754332 0.000000
1641929361188248928 144.894034 0.000000
1641929361404709772 145.023004 0.000000
1641929361405587838 144.853056 0.000000
1641929361405859868 144.733792 0.000000
1641929361440872195 145.019439 0.000000
1641929361550229610 144.776815 0.000000
1641929361550451035 144.703037 0.000000
1641929361551162509 144.748823 0.000000
1641929361732072469 144.716930 0.000000
1641929361781733056 145.158500 0.000000
1641929361926913046 145.123665 0.000000
1641929361949351539 145.062552 0.000000
1641929362046145113 176.886248 0.000000
1641929362059187733 145.112964 0.000000
1641929362060399845 144.492912 0.000000
1641929362132956931 144.715557 0.000000
1641929362385557036 145.342784 0.000000
1641929362567363850 145.205408 0.000000
1641929362568427383 144.977391 0.000000
1641929362667138301 177.215876 0.000000
1641929362714533059 144.918540 0.000000
1641929362715015262 145.058652 0.000000
1641929362715392690 144.825846 0.000000
1641929362748752948 144.962653 0.000000
1641929362930524073 145.107213 0.000000
1641929362931226300 144.835334 0.000000
1641929362932930054 144.699018 0.000000
1641929363016969407 145.032523 0.000000
1641929363184823012 145.223972 0.000000
1641929363184854842 145.280508 0.000000
1641929363184880730 145.263796 0.000000
1641929363658855341 145.371799 0.000000
1641929363732433523 144.995573 0.000000
1641929363803966041 144.721712 0.000000
1641929363876377526 144.731088 0.000000
1641929363950552929 144.777906 0.000000
1641929364021916380 145.027155 0.000000
1641929364023536818 144.704009 0.000000
1641929364034238970 145.210537 0.000000
1641929364167833181 144.741648 0.000000
1641929364275515476 145.143192 0.000000
1641929364387107480 145.125717 0.000000
1641929364387210223 144.979313 0.000000
1641929364602923267 145.075394 0.000000
1641929364833491820 145.026522 0.000000
1641929364968893679 144.840573 0.000000
1641929365113454289 145.013870 0.000000
1641929365185512772 144.932977 0.000000
1641929365240166929 177.175850 0.000000
1641929365402967491 144.615581 0.000000
1641929365487762351 145.033065 0.000000
1641929365548199689 145.353286 0.000000
1641929365839643300 144.825587 0.000000
1641929365875132992 145.004823 0.000000
1641929366131075599 144.536082 0.000000
1641929366204006340 144.683209 0.000000
1641929366275608688 145.079604 0.000000
1641929366310988351 145.091813 0.000000
1641929366312506087 145.162346 0.000000
1641929366420523562 144.906528 0.000000
1641929366712682543 144.608348 0.000000
1641929366723546169 144.990033 0.000000
1641929366747281103 145.194887 0.000000
1641929366857751225 145.049716 0.000000
1641929366931398897 144.601255 0.000000
1641929366966193586 145.178810 0.000000
1641929367159670174 145.219414 0.000000
1641929367439784316 144.656839 0.000000
1641929367510949695 144.728573 0.000000
1641929367595515455 145.075504 0.000000
1641929367656947629 145.116191 0.000000
1641929367657774529 144.806149 0.000000
1641929368020784782 144.663902 0.000000
1641929368165260713 144.825927 0.000000
1641929368167442322 144.677569 0.000000
1641929368201249237 144.921174 0.000000
1641929368257107782 177.136468 0.000000
1641929368383158240 145.003077 0.000000
1641929368384170658 145.009399 0.000000
1641929368395075792 145.144422 0.000000
1641929368457083484 144.903432 0.000000
1641929368457876461 144.863456 0.000000
1641929368637246295 145.021574 0.000000
1641929368675301564 145.243328 0.000000
1641929368675993681 144.874426 0.000000
1641929368893359064 144.943277 0.000000
1641929368966774000 144.997970 0.000000
1641929369000997216 145.305246 0.000000
1641929369111282220 144.709217 0.000000
1641929369145991648 145.035268 0.000000
1641929369256143833 144.861202 0.000000
1641929369257175387 145.119717 0.000000
1641929369291455431 145.031642 0.000000
1641929369402941836 144.994392 0.000000
1641929369509452886 145.113284 0.000000
1641929369558224847 144.976900 0.000000
1641929369621026938 144.827570 0.000000
1641929369654882924 145.068360 0.000000
1641929369703309187 144.785309 0.000000
1641929369800069788 145.123435 0.000000
1641929369921182109 145.158078 0.000000
1641929369984015309 144.970787 0.000000
1641929370309219961 145.329981 0.000000
1641929370356886288 145.060837 0.000000
1641929370493310755 144.619049 0.000000
1641929370600050943 145.122922 0.000000
1641929370709808149 145.020611 0.000000
1641929370865705840 145.123604 0.000000
1641929370891910585 145.102565 0.000000
1641929370963889599 145.249751 0.000000
1641929371002184438 144.651018 0.000000
1641929371108914199 144.970869 0.000000
1641929371220428437 144.997068 0.000000
1641929371220757864 144.770773 0.000000
1641929371292895647 144.938138 0.000000
1641929371447161558 145.220024 0.000000
1641929371453251375 177.066124 0.000000
1641929371472233861 144.878645 0.000000
1641929371690599187 145.193014 0.000000
1641929371800891305 144.791914 0.000000
1641929372017679675 145.114288 0.000000
1641929372019336972 144.672079 0.000000
1641929372091568066 144.777464 0.000000
1641929372127622066 145.047602 0.000000
1641929372163149328 177.283173 0.000000
1641929372236399566 144.830257 0.000000
1641929372308431740 145.245824 0.000000
1641929372392183013 145.127161 0.000000
1641929372429060745 177.050525 0.000000
1641929372456182459 145.091625 0.000000
1641929372528355207 145.341002 0.000000
1641929372601663934 144.937064 0.000000
1641929372818166497 144.901656 0.000000
1641929372999243262 145.308030 0.000000
1641929373045677579 145.038545 0.000000
1641929373183469920 144.822870 0.000000
1641929373217016717 145.048962 0.000000
1641929373254909604 144.822049 0.000000
1641929373256250457 144.877222 0.000000
1641929373336035976 144.941272 0.000000
1641929373399394861 145.018056 0.000000
1641929373554202829 145.313640 0.000000
1641929373691940959 144.746037 0.000000
1641929373907846223 145.047442 0.000000
1641929373981818224 144.758259 0.000000
1641929373982413450 144.985355 0.000000
1641929374054840325 145.310045 0.000000
1641929374200263179 144.524371 0.000000
1641929374343455564 144.901198 0.000000
1641929374489007631 145.028636 0.000000
1641929374564168360 144.995144 0.000000
1641929374598286958 145.004390 0.000000
1641929374671062117 144.801851 0.000000
1641929374709209610 145.039947 0.000000
1641929374888811028 145.280119 0.000000
1641929374925465942 144.851375 0.000000
1641929374998881911 144.869428 0.000000
1641929375007392504 144.869979 0.000000
1641929375179326519 145.005343 0.000000
1641929375216142655 144.984963 0.000000
1641929375370338086 145.083840 0.000000
1641929375436044269 145.284673 0.000000
1641929375580971266 145.021735 0.000000
1641929375724772894 144.920685 0.000000
1641929375871823030 144.981859 0.000000
1641929375872184427 144.896228 0.000000
1641929375890430953 177.117231 0.000000
1641929376307608589 144.776282 0.000000
1641929376527535201 144.792732 0.000000
1641929376633979907 145.322757 0.000000
1641929376963271440 144.829312 0.000000
1641929377107438973 144.970699 0.000000
1641929377108052052 144.779680 0.000000
1641929377186117676 144.825687 0.000000
1641929377215146364 145.149503 0.000000
1641929377326238161 144.675354 0.000000
1641929377399319402 144.851484 0.000000
1641929377433182784 145.144766 0.000000
1641929377471252401 144.891590 0.000000
1641929377506008907 145.105961 0.000000
1641929377616386645 144.679181 0.000000
1641929377616696846 144.830554 0.000000
1641929377617608415 144.590254 0.000000
1641929377652571649 144.933668 0.000000
1641929377762077703 145.549974 0.000000
1641929377796460668 145.042412 0.000000
1641929377835297183 145.159652 0.000000
1641929377984614920 144.815767 0.000000
1641929378053811788 144.582569 0.000000
1641929378160267865 145.180632 0.000000
1641929378202437317 144.904905 0.000000
1641929378271717483 144.700582 0.000000
1641929378344477842 144.751506 0.000000
1641929378344886929 145.006294 0.000000
1641929378415646827 144.677668 0.000000
1641929378419752695 144.772225 0.000000
1641929378524440978 144.941494 0.000000
1641929378561204496 144.981699 0.000000
1641929378564513219 144.759302 0.000000
1641929378634704702 144.711130 0.000000
1641929378710898348 145.055877 0.000000
1641929378780317012 145.611298 0.000000
1641929378780555689 145.528923 0.000000
1641929378781166043 145.063290 0.000000
1641929378852832834 144.798905 0.000000
1641929378927663825 145.318210 0.000000
1641929378999396096 145.436830 0.000000
1641929379072502896 144.821328 0.000000
1641929379105030413 145.048674 0.000000
1641929379105094684 144.878987 0.000000
1641929379142715348 144.685523 0.000000
1641929379143401184 144.634748 0.000000
1641929379145223751 144.770423 0.000000
1641929379290064094 144.652812 0.000000
1641929379396120321 145.449836 0.000000
1641929379651336940 144.669465 0.000000
1641929379724834860 145.029556 0.000000
1641929379725094287 144.649113 0.000000
1641929379798670898 144.848208 0.000000
1641929379868802820 144.845855 0.000000
1641929379904828024 145.105470 0.000000
1641929379942664964 144.633805 0.000000
1641929380087716985 145.014590 0.000000
1641929380089634459 144.843559 0.000000
1641929380267805564 145.219453 0.000000
1641929380305730801 145.061197 0.000000
1641929380340862932 145.237518 0.000000
1641929380524491719 144.714627 0.000000
1641929380596553869 144.849571 0.000000
1641929380668235634 144.749490 0.000000
1641929380741575252 144.677629 0.000000
1641929380776687125 145.112384 0.000000
1641929380776716850 145.230816 0.000000
1641929381032747604 145.032142 0.000000
1641929381322706663 144.797883 0.000000
1641929381323016844 145.123103 0.000000
1641929381324509483 144.703256 0.000000
1641929381430959498 145.025862 0.000000
1641929381503413143 145.108256 0.000000
1641929381542552665 144.836137 0.000000
1641929381748026013 176.992547 0.000000
1641929381831921606 145.149170 0.000000
1641929382049847449 145.023907 0.000000
1641929382050877480 144.829974 0.000000
1641929382123513546 144.798474 0.000000
1641929382124778507 144.856353 0.000000
1641929382196448583 145.016453 0.000000
1641929382270704356 144.797163 0.000000
1641929382270757696 144.743171 0.000000
1641929382375760397 145.098067 0.000000
1641929382376215581 145.047562 0.000000
1641929382488047504 144.712103 0.000000
1641929382811612533 145.060048 0.000000
1641929382850092699 144.820307 0.000000
1641929382922500506 145.271210 0.000000
1641929382996523314 144.883144 0.000000
1641929382996937670 145.245512 0.000000
1641929383139503217 145.047149 0.000000
1641929383168167103 177.352761 0.000000
1641929383284178954 145.093641 0.000000
1641929383285651865 144.745708 0.000000
1641929383431908433 144.931333 0.000000
1641929383432094131 144.949988 0.000000
1641929383575949196 145.124606 0.000000
1641929383576753113 144.843768 0.000000
1641929383612632495 144.876002 0.000000
1641929383723431934 144.729166 0.000000
1641929383756649896 145.149694 0.000000
1641929383792995631 145.123595 0.000000
1641929383794058453 144.661058 0.000000
1641929383829189710 144.974014 0.000000
1641929384304185376 145.080133 0.000000
1641929384376282452 144.796471 0.000000
1641929384484857832 144.998650 0.000000
1641929384594132642 144.985325 0.000000
1641929384741407620 145.050959 0.000000
1641929384811176269 144.940380 0.000000
1641929384811644497 144.912356 0.000000
1641929384848216989 144.765172 0.000000
1641929384958581232 144.642985 0.000000
1641929385175648823 144.712642 0.000000
1641929385320792277 145.006847 0.000000
1641929385467202893 144.745094 0.000000
1641929385539147923 144.678690 0.000000
1641929385719533261 145.072398 0.000000
1641929385975747651 144.908122 0.000000
1641929386046973663 144.957784 0.000000
1641929386337542073 145.153689 0.000000
1641929386338569449 144.803934 0.000000
1641929386411248677 144.813943 0.000000
1641929386486864028 144.766625 0.000000
1641929386775356237 145.162958 0.000000
1641929386776469864 144.689932 0.000000
1641929386921085286 144.614049 0.000000
1641929387137785460 144.946603 0.000000
1641929387246403670 145.123355 0.000000
1641929387265911851 177.553298 0.000000
1641929387719144156 144.869445 0.000000
1641929387719687545 144.982488 0.000000
1641929387827344314 145.281582 0.000000
1641929387938859935 144.821620 0.000000
1641929388045556803 145.158470 0.000000
1641929388226802633 145.113986 0.000000
1641929388264016095 145.194919 0.000000
1641929388374579501 145.148851 0.000000
1641929388447644992 145.448754 0.000000
1641929388482095685 145.561676 0.000000
1641929388596492828 177.174879 0.000000
1641929388666089166 144.610523 0.000000
1641929388773284038 145.103978 0.000000
1641929388773735895 177.241925 0.000000
1641929388811741050 144.851934 0.000000
1641929389030149458 145.041583 0.000000
1641929389064022156 145.217660 0.000000
1641929389320845957 144.920592 0.000000
1641929389391881393 144.597769 0.000000
1641929389393932127 144.598830 0.000000
1641929389682688741 145.238499 0.000000
1641929389683984360 145.090662 0.000000
1641929389684536876 144.687296 0.000000
1641929389749991030 177.235944 0.000000
1641929389830399897 144.870380 0.000000
1641929389901467923 145.040147 0.000000
1641929389972368737 144.829973 0.000000
1641929389975833582 145.179478 0.000000
1641929390264645570 144.868647 0.000000
1641929390338630896 144.715399 0.000000
1641929390339189744 144.917688 0.000000
1641929390445156623 144.936844 0.000000
1641929390554182707 145.205737 0.000000
1641929390629891573 144.728843 0.000000
1641929390772938605 144.688389 0.000000
1641929390846060352 145.065435 0.000000
1641929390920201910 144.825355 0.000000
1641929391211100790 144.841286 0.000000
1641929391281723913 145.016814 0.000000
1641929391282456797 145.095391 0.000000
1641929391534898794 145.084841 0.000000
1641929391717550620 144.802943 0.000000
1641929391791921620 144.673601 0.000000
1641929391864936185 144.946482 0.000000
1641929392043763161 145.078690 0.000000
1641929392081518940 145.238370 0.000000
1641929392116422571 145.295026 0.000000
1641929392152799755 145.161474 0.000000
1641929392152959524 144.899723 0.000000
1641929392374355863 145.138703 0.000000
1641929392412256201 177.255420 0.000000
1641929392592253171 144.776615 0.000000
1641929392664047430 144.643054 0.000000
1641929392734468362 145.456418 0.000000
1641929392808322863 144.893241 0.000000
1641929392880298410 144.952332 0.000000
1641929392954780437 144.826818 0.000000
1641929393134166310 144.974062 0.000000
1641929393207601567 144.916597 0.000000
1641929393319172380 144.981857 0.000000
1641929393319273089 145.125266 0.000000
1641929393352293831 145.401614 0.000000
1641929393389727125 144.696242 0.000000
1641929393497621668 144.950900 0.000000
1641929393534790277 145.058383 0.000000
1641929393535867736 144.801351 0.000000
1641929393570103025 144.765111 0.000000
1641929393753282750 145.319801 0.000000
1641929393755404177 145.143601 0.000000
1641929393827505460 145.018236 0.000000
1641929393900240053 144.833531 0.000000
1641929393972486287 144.978923 0.000000
1641929394115886681 145.381819 0.000000
1641929394191003759 144.979443 0.000000
1641929394225426780 144.736248 0.000000
1641929394370084941 145.195208 0.000000
1641929394408359492 144.755904 0.000000
1641929394442679541 145.140968 0.000000
1641929394625382791 145.331923 0.000000
1641929394661036239 145.027173 0.000000
1641929394806789355 145.254702 0.000000
1641929394842782284 145.166844 0.000000
1641929394915794940 144.881270 0.000000
1641929394917896209 144.764451 0.000000
1641929394918474313 145.017366 0.000000
1641929394990194229 145.019199 0.000000
1641929395024434168 144.907910 0.000000
1641929395135197891 145.631208 0.000000
1641929395169733653 145.311698 0.000000
1641929395282590197 145.126959 0.000000
1641929395351691177 144.893301 0.000000
1641929395460644095 144.736820 0.000000
1641929395498262205 144.979044 0.000000
1641929395532770354 145.033255 0.000000
1641929395643756853 144.970575 0.000000
1641929395750457318 145.087108 0.000000
1641929395860528902 145.359194 0.000000
1641929395895786338 144.995656 0.000000
1641929395935803406 144.616393 0.000000
1641929395969838518 145.175493 0.000000
1641929396050769486 177.511521 0.000000
1641929396151314902 145.488338 0.000000
1641929396224990687 144.872393 0.000000
1641929396369406995 145.269568 0.000000
1641929396477283654 144.968804 0.000000
1641929396516163651 145.093157 0.000000
1641929396517221504 144.833901 0.000000
1641929396586655366 145.055004 0.000000
1641929396622441282 145.154692 0.000000
1641929396622614697 144.943376 0.000000
1641929396731654057 144.993932 0.000000
1641929396767588882 145.145165 0.000000
1641929396881337679 144.571630 0.000000
1641929396949370276 145.026592 0.000000
1641929396985852988 145.432934 0.000000
1641929397025725764 144.690161 0.000000
1641929397099314307 144.935391 0.000000
1641929397316902937 144.761667 0.000000
1641929397385322158 144.940190 0.000000
1641929397469861077 177.084218 0.000000
1641929397533182713 144.587920 0.000000
1641929397608268952 144.799928 0.000000
1641929397713016226 145.643049 0.000000
1641929398043540087 145.044425 0.000000
1641929398258853483 145.112774 0.000000
1641929398366740070 145.171934 0.000000
1641929398404078487 144.717733 0.000000
1641929398551894959 144.905766 0.000000
1641929398766815026 144.903662 0.000000
1641929398769703080 144.774180 0.000000
1641929398947235709 145.002346 0.000000
1641929398985037453 145.012163 0.000000
1641929398986479897 144.568542 0.000000
1641929399057188151 145.089211 0.000000
1641929399277350605 144.657512 0.000000
1641929399350619067 145.036543 0.000000
1641929399455852422 144.924120 0.000000
1641929399456714197 144.816579 0.000000
1641929399747384028 144.780060 0.000000
1641929399785087017 144.654898 0.000000
1641929399859123569 144.769160 0.000000
1641929399965161080 145.099628 0.000000
1641929400182483882 144.985095 0.000000
1641929400439686022 144.962762 0.000000
1641929400439787732 144.774238 0.000000
1641929400619454172 145.247116 0.000000
1641929400657107638 145.182895 0.000000
1641929400658069741 144.617895 0.000000
1641929400875414115 144.959226 0.000000
1641929401093017311 144.874377 0.000000
1641929401164902962 145.098770 0.000000
1641929401166751697 144.933088 0.000000
1641929401272946704 145.399802 0.000000
1641929401316499269 149.484920 0.000000
1641929401565678600 145.096432 0.000000
1641929401826018603 144.842219 0.000000
1641929401899170376 144.768759 0.000000
1641929401899719045 144.699409 0.000000
1641929401933943473 144.977260 0.000000
1641929401970422739 144.945149 0.000000
1641929402001357430 145.053704 0.000000
1641929402117721540 144.850272 0.000000
1641929402188814384 145.068070 0.000000
1641929402189814038 144.832839 0.000000
1641929402406385801 145.071476 0.000000
1641929402509612633 145.143641 0.000000
1641929402509697502 144.823601 0.000000
1641929402626681666 144.835744 0.000000
1641929402917688559 145.052421 0.000000
1641929402950989735 145.118123 0.000000
1641929403018350653 145.101643 0.000000
1641929403061684088 144.884306 0.000000
1641929403062675617 144.617365 0.000000
1641929403134137101 144.637282 0.000000
1641929403426006090 144.817330 0.000000
1641929403454015596 144.959755 0.000000
1641929403496516210 145.179379 0.000000
1641929403714037373 144.949957 0.000000
1641929403861709324 144.861452 0.000000
1641929404223643931 144.923679 0.000000
1641929404296704513 145.423236 0.000000
1641929404296730291 145.109769 0.000000
1641929404369445286 145.502775 0.000000
1641929404442336630 145.288944 0.000000
1641929404443618423 145.047171 0.000000
1641929404550018245 144.997648 0.000000
1641929404551565565 145.079912 0.000000
1641929404660922340 144.789849 0.000000
1641929404661724954 144.929791 0.000000
1641929404661737017 144.925413 0.000000
1641929404689193286 144.930561 0.000000
1641929404948432126 144.887020 0.000000
1641929404951867657 144.981268 0.000000
1641929405023308843 144.831607 0.000000
1641929405059602380 145.002998 0.000000
1641929405093444712 145.009340 0.000000
1641929405167154451 145.187233 0.000000
1641929405168292234 144.981347 0.000000
1641929405204395114 144.791461 0.000000
1641929405458302126 145.458751 0.000000
1641929405460196247 144.833469 0.000000
1641929405675608315 145.182051 0.000000
1641929405747626966 145.131569 0.000000
1641929405778883431 145.051358 0.000000
1641929405822782155 144.838111 0.000000
1641929405930301084 144.856884 0.000000
1641929406038313579 144.946693 0.000000
1641929406141882533 144.992450 0.000000
1641929406292933608 145.107013 0.000000
1641929406329235472 145.223372 0.000000
1641929406359758231 145.090483 0.000000
1641929406650074197 145.041760 0.000000
1641929406768063194 144.989404 0.000000
1641929406788590515 176.968894 0.000000
1641929406801654245 145.376920 0.000000
1641929406911191588 144.880389 0.000000
1641929407058480201 144.846896 0.000000
1641929407275663590 144.634787 0.000000
1641929407346520261 144.793395 0.000000
1641929407492796786 145.055757 0.000000
1641929407567301775 144.732870 0.000000
1641929407638371907 144.883734 0.000000
1641929407640273372 145.062400 0.000000
1641929407674288265 145.073681 0.000000
1641929407675229970 177.259454 0.000000
1641929407711703416 144.741789 0.000000
1641929408000960088 144.941765 0.000000
1641929408002216023 144.909295 0.000000
1641929408002913200 144.831860 0.000000
1641929408037285022 145.034195 0.000000
1641929408103438158 145.068573 0.000000
1641929408248372126 145.000452 0.000000
1641929408291255666 145.037051 0.000000
1641929408292412215 144.776302 0.000000
1641929408293843077 144.728573 0.000000
1641929408294271831 144.804305 0.000000
1641929408327632490 144.926123 0.000000
1641929408472660004 145.026522 0.000000
1641929408584433409 144.815767 0.000000
1641929408656926577 145.095892 0.000000
1641929408727466561 144.745252 0.000000
1641929408801461979 144.620782 0.000000
1641929408836010064 144.833861 0.000000
1641929408872281079 144.813997 0.000000
1641929408946949544 144.780721 0.000000
1641929409119369842 144.852487 0.000000
1641929409270658292 176.943676 0.000000
1641929409383074491 144.823702 0.000000
1641929409599287011 144.933848 0.000000
1641929409600566710 144.803584 0.000000
1641929409600660476 144.799296 0.000000
1641929409601234662 144.923028 0.000000
1641929409746119498 144.884295 0.000000
1641929409802863632 177.470113 0.000000
1641929409817746933 145.356941 0.000000
1641929409818416950 145.102154 0.000000
1641929410037411425 144.788056 0.000000
1641929410072182378 144.754082 0.000000
1641929410109576609 144.810327 0.000000
1641929410111208708 144.779139 0.000000
1641929410182114120 144.702143 0.000000
1641929410354807878 145.159662 0.000000
1641929410400199251 144.930873 0.000000
1641929410618121285 145.021783 0.000000
1641929410645352114 145.037712 0.000000
1641929410763347953 144.625681 0.000000
1641929410765183374 145.300547 0.000000
1641929410835470246 144.704057 0.000000
1641929410908075364 144.726811 0.000000
1641929410944230983 144.940211 0.000000
1641929410980799736 144.805218 0.000000
1641929411125104706 145.257515 0.000000
1641929411273031053 144.692184 0.000000
1641929411307638460 144.761004 0.000000
1641929411398995891 177.385993 0.000000
1641929411416961611 144.829934 0.000000
1641929411489508540 144.780200 0.000000
1641929411634665417 145.155715 0.000000
1641929411707983442 145.152338 0.000000
1641929411778988240 145.069303 0.000000
1641929411852068148 144.631291 0.000000
1641929411998615691 145.287671 0.000000
1641929412072255068 144.656908 0.000000
1641929412363296155 144.913441 0.000000
1641929412373948895 176.981025 0.000000
1641929412506979469 145.065826 0.000000
1641929412799214011 144.774979 0.000000
1641929412978999364 145.026892 0.000000
1641929412994244374 176.882441 0.000000
1641929413089842716 144.915143 0.000000
1641929413114693602 144.921015 0.000000
1641929413124038130 145.037604 0.000000
1641929413162469114 144.858657 0.000000
1641929413307899593 144.919722 0.000000
1641929413348529109 176.996074 0.000000
1641929413380354329 144.933587 0.000000
1641929413405281680 145.225405 0.000000
1641929413525089566 144.873807 0.000000
1641929413596596555 144.688850 0.000000
1641929413622973161 145.157036 0.000000
1641929413815418728 144.885248 0.000000
1641929413815525458 145.002137 0.000000
1641929414031965484 144.989404 0.000000
1641929414033773804 144.740508 0.000000
1641929414213778888 144.838741 0.000000
1641929414276490219 144.848871 0.000000
1641929414286454809 145.064043 0.000000
1641929414566641668 144.939510 0.000000
1641929414686141044 145.142408 0.000000
1641929414688406291 144.836495 0.000000
1641929414831669247 145.250232 0.000000
1641929414857519558 145.088649 0.000000
1641929414940559327 144.906687 0.000000
1641929415269933334 144.656027 0.000000
1641929415341905967 145.057059 0.000000
1641929415415845025 144.828220 0.000000
1641929415486991309 145.084831 0.000000
1641929415523043302 145.247595 0.000000
1641929415666881628 145.023918 0.000000
1641929415704898556 144.684400 0.000000
1641929415728784123 145.024961 0.000000
1641929415923418151 144.779609 0.000000
1641929415958538238 145.069051 0.000000
1641929416102487680 145.199986 0.000000
1641929416359564998 145.114077 0.000000
1641929416649892316 144.931434 0.000000
1641929416672574807 144.903342 0.000000
1641929416795790161 144.888813 0.000000
1641929416890567004 145.326645 0.000000
1641929416941533448 144.984314 0.000000
1641929416963205335 145.056128 0.000000
1641929417071247084 177.124435 0.000000
1641929417085055308 144.971098 0.000000
1641929417086045094 144.780771 0.000000
1641929417303648581 144.812301 0.000000
1641929417667464003 144.694990 0.000000
1641929417738516982 144.817311 0.000000
1641929417834908580 145.040577 0.000000
1641929417884138709 144.991416 0.000000
1641929418031032162 145.414219 0.000000
1641929418319269091 144.701794 0.000000
1641929418321636339 145.262175 0.000000
1641929418343023022 144.970047 0.000000
1641929418611856707 145.123805 0.000000
1641929418902599033 144.953645 0.000000
1641929418974822185 144.727010 0.000000
1641929419047066928 145.029317 0.000000
1641929419119682646 145.065616 0.000000
1641929419227114081 145.037833 0.000000
1641929419337505665 144.713566 0.000000
1641929419375644371 176.972189 0.000000
1641929419410453055 144.895326 0.000000
1641929419482051656 144.922637 0.000000
1641929419482653835 145.146597 0.000000
1641929419557135912 144.628175 0.000000
1641929419650202167 145.091585 0.000000
1641929419795174628 144.968383 0.000000
1641929419919767164 144.502981 0.000000
1641929420231217530 145.224844 0.000000
1641929420245507939 145.086664 0.000000
1641929420354640493 144.808693 0.000000
1641929420357237932 144.731318 0.000000
1641929420390634158 145.125177 0.000000
1641929420501286681 144.760643 0.000000
1641929420608562975 145.091904 0.000000
1641929420938803256 144.980916 0.000000
1641929421301086465 144.778257 0.000000
1641929421326180297 177.102092 0.000000
1641929421372454875 144.667448 0.000000
1641929421447568876 144.915533 0.000000
1641929421465623112 145.102786 0.000000
1641929421481395470 144.816178 0.000000
1641929421662953874 145.026110 0.000000
1641929421665752691 145.050415 0.000000
1641929421844547307 145.077518 0.000000
1641929422320031848 144.954087 0.000000
1641929422465157004 144.761436 0.000000
1641929422537942712 145.087277 0.000000
1641929422608867559 144.786593 0.000000
1641929422975550036 145.143281 0.000000
1641929422975580103 144.671417 0.000000
1641929423045546985 144.840124 0.000000
1641929423117884161 144.900856 0.000000
1641929423120200223 144.937555 0.000000
1641929423299138366 144.968793 0.000000
1641929423353948154 145.142910 0.000000
1641929423371621236 144.812751 0.000000
1641929423554146323 144.906948 0.000000
1641929423555981203 145.129836 0.000000
1641929423571492251 144.921445 0.000000
1641929423880228949 145.025120 0.000000
1641929423934170050 144.986356 0.000000
1641929424135295337 144.768148 0.000000
1641929424136547344 144.921987 0.000000
1641929424209210301 144.645900 0.000000
1641929424210190709 144.678190 0.000000
1641929424280871960 145.575841 0.000000
1641929424426771158 144.768859 0.000000
1641929424441785645 144.775211 0.000000
1641929424606698046 177.023706 0.000000
1641929424643951030 144.784917 0.000000
1641929425154216774 144.710079 0.000000
1641929425154480859 144.899985 0.000000
1641929425372615933 144.694629 0.000000
1641929425385951032 145.028185 0.000000
1641929425445653512 144.595003 0.000000
1641929425589791068 144.827469 0.000000
1641929425735805161 144.866181 0.000000
1641929425880362003 144.556140 0.000000
1641929425951914939 145.140817 0.000000
1641929426170443801 144.908581 0.000000
1641929426171191232 145.325352 0.000000
1641929426205795200 144.809684 0.000000
1641929426316779527 144.798284 0.000000
1641929426423005722 144.736287 0.000000
1641929426547692565 145.071917 0.000000
1641929426896846050 144.696733 0.000000
1641929427042019397 144.984603 0.000000
1641929427042473038 144.797423 0.000000
1641929427114730254 144.754251 0.000000
1641929427187693835 144.789589 0.000000
1641929427222731256 145.050917 0.000000
1641929427273862700 145.123023 0.000000
1641929427331611788 144.907849 0.000000
1641929427332584502 144.889996 0.000000
1641929427405835320 144.688428 0.000000
1641929427444991403 177.127388 0.000000
1641929427479613468 144.862996 0.000000
1641929427549963278 145.318840 0.000000
1641929427586165714 144.823352 0.000000
1641929427624600887 144.936574 0.000000
1641929428060598923 144.824412 0.000000
1641929428060965290 144.651608 0.000000
1641929428065379856 176.929187 0.000000
1641929428203221960 144.853789 0.000000
1641929428240219257 144.898202 0.000000
1641929428350138545 145.440238 0.000000
1641929428350394245 145.353314 0.000000
1641929428385073856 145.482416 0.000000
1641929428435825938 145.108927 0.000000
1641929428495170658 145.176914 0.000000
1641929428569255018 144.704386 0.000000
1641929428603506008 144.948306 0.000000
1641929428712937361 144.837378 0.000000
1641929429039416482 145.074994 0.000000
1641929429089325031 144.993129 0.000000
